,Unnamed: 0,States,"Max.Demand
Met during the 
day(MW)","Shortage during
maximum 
Demand(MW)","Energy Met
(MU)","Drawal
Schedule
(MU)","OD(+)/UD(-)
(MU)","Max OD
(MW)","Energy
Shortage 
(MU)"
0,0,Punjab,6279,0,134.9,102.4,-0.9,203,0.0
1,1,Haryana,5782,0,109.4,98.2,1.0,443,0.0
2,2,Rajasthan,9815,0,197.4,61.5,-2.9,790,0.0
3,3,Delhi,3765,0,74.6,64.7,-2.1,178,0.0
4,4,UP,17818,0,331.0,183.4,0.1,387,0.2
5,5,Uttarakhand,1480,0,29.4,11.6,-0.9,116,0.0
6,6,HP,1197,0,22.7,-2.5,0.9,178,0.0
7,7,J&K(UT) & Ladakh(UT),2032,508,41.3,18.6,-0.4,217,9.8
8,8,Chandigarh,190,0,3.9,4.1,-0.2,5,0.0
9,9,Chhattisgarh,3468,0,72.7,35.7,-2.1,574,0.0
10,10,Gujarat,15924,0,325.4,103.4,3.1,558,0.0
11,11,MP,9013,0,200.7,100.1,-1.3,588,0.0
12,12,Maharashtra,18183,0,388.3,133.1,-4.8,982,0.0
13,13,Goa,411,0,9.1,8.8,-0.3,85,0.0
14,14,DD,208,0,4.5,4.3,0.1,22,0.0
15,15,DNH,417,0,9.2,9.3,0.0,38,0.0
16,16,AMNSIL,835,0,15.9,1.0,0.4,199,0.0
17,17,Andhra Pradesh,8926,0,178.2,97.3,1.9,703,0.0
18,18,Telangana,6786,0,138.5,61.8,1.1,922,0.0
19,19,Karnataka,8938,0,164.5,60.9,1.0,706,0.0
20,20,Kerala,3195,0,68.3,43.8,0.9,281,0.0
21,21,Tamil Nadu,13365,0,303.3,134.5,-1.0,704,0.0
22,22,Puducherry,372,0,7.7,8.1,-0.4,31,0.0
23,23,Bihar,5032,0,94.1,90.8,-2.5,200,0.0
24,24,DVC,2595,0,54.9,-28.3,1.3,220,0.0
25,25,Jharkhand,1068,0,20.3,14.9,-3.0,150,0.0
26,26,Odisha,4214,0,80.3,8.2,0.4,350,0.0
27,27,West Bengal,6117,0,123.1,40.3,0.7,285,0.0
28,28,Sikkim,96,0,1.2,1.3,-0.1,20,0.0
29,29,Arunachal Pradesh,108,0,1.5,1.8,-0.3,43,0.0
30,30,Assam,1525,53,24.2,20.6,-0.1,156,1.6
31,31,Manipur,185,1,2.5,2.3,0.2,40,0.0
32,32,Meghalaya,278,0,5.2,1.6,-0.4,44,0.0
33,33,Mizoram,97,0,1.5,1.5,-0.1,11,0.0
34,34,Nagaland,119,0,2.5,2.1,0.2,17,0.0
35,35,Tripura,270,2,4.4,4.7,0.0,19,0.0
