,Unnamed: 0,States,"Max.Demand
Met during the 
day(MW)","Shortage during
maximum 
Demand(MW)","Energy Met
(MU)","Drawal
Schedule
(MU)","OD(+)/UD(-)
(MU)","Max OD
(MW)","Energy
Shortage 
(MU)"
0,0,Punjab,5473,0,109.0,84.5,-0.8,121,0.0
1,1,Haryana,6729,0,114.4,95.4,1.5,204,0.0
2,2,Rajasthan,9581,0,198.4,55.1,-0.5,467,0.0
3,3,Delhi,3461,0,69.6,60.5,-3.1,0,0.0
4,4,UP,15462,0,268.6,127.4,-1.3,989,0.0
5,5,Uttarakhand,1150,0,21.7,5.2,-0.1,139,0.0
6,6,HP,879,0,15.9,-4.1,0.1,211,0.0
7,7,J&K(UT) & Ladakh(UT),2075,519,41.4,23.8,-0.3,153,9.8
8,8,Chandigarh,161,0,3.1,3.2,0.0,14,0.0
9,9,Chhattisgarh,3104,0,73.0,20.9,-0.5,134,0.0
10,10,Gujarat,13173,0,292.6,98.7,-2.8,428,0.0
11,11,MP,8504,0,186.9,107.7,-2.1,391,0.0
12,12,Maharashtra,17934,0,400.2,170.7,0.0,504,0.0
13,13,Goa,428,0,9.1,9.0,-0.4,40,0.0
14,14,DD,139,0,2.8,2.8,0.0,376,0.0
15,15,DNH,235,0,5.3,5.4,-0.1,340,0.0
16,16,AMNSIL,397,0,2.4,2.1,0.3,199,0.0
17,17,Andhra Pradesh,7537,0,151.8,83.0,0.8,557,0.0
18,18,Telangana,6253,0,133.8,58.0,-0.4,421,0.0
19,19,Karnataka,9347,0,189.7,55.8,1.7,615,0.0
20,20,Kerala,3517,0,67.5,43.9,1.1,304,0.0
21,21,Tamil Nadu,10621,0,234.4,164.0,0.8,508,0.0
22,22,Puducherry,291,0,5.4,6.1,-0.7,42,0.0
23,23,Bihar,4227,0,70.2,69.2,-4.1,569,0.0
24,24,DVC,1687,0,32.2,-24.1,0.0,226,0.0
25,25,Jharkhand,1125,0,21.8,14.5,-1.5,124,0.0
26,26,Odisha,3322,0,67.4,-11.8,0.1,457,0.0
27,27,West Bengal,5152,0,101.9,35.2,2.1,316,0.0
28,28,Sikkim,77,0,1.0,1.3,-0.4,14,0.0
29,29,Arunachal Pradesh,91,1,1.5,1.2,0.3,24,0.0
30,30,Assam,1393,15,21.8,18.5,0.3,93,0.5
31,31,Manipur,184,0,2.2,2.3,-0.1,29,0.0
32,32,Meghalaya,246,0,4.2,2.2,-0.2,63,0.1
33,33,Mizoram,86,2,1.4,1.4,-0.2,11,0.0
34,34,Nagaland,114,1,1.9,2.0,-0.2,22,0.0
35,35,Tripura,244,1,3.7,3.5,-0.7,37,0.0
