,States,"Max.Demand
Met during the 
day(MW)","Shortage during
maximum 
Demand(MW)","Energy Met
(MU)","Drawal
Schedule
(MU)","OD(+)/UD(-)
(MU)","Max OD
(MW)","Energy
Shortage 
(MU)"
0,Punjab,6572,0,141.5,108.4,-0.9,166,0.0
1,Haryana,5900,0,119.1,108.7,0.3,594,0.0
2,Rajasthan,9767,0,201.2,61.7,-0.9,753,0.0
3,Delhi,4037,0,81.1,71.4,-2.3,230,0.0
4,UP,18300,0,348.7,199.9,0.5,638,0.0
5,Uttarakhand,1535,0,33.2,15.2,0.6,147,0.0
6,HP,1236,0,24.3,-0.5,1.0,149,0.0
7,J&K(UT) & Ladakh(UT),2236,559,42.7,17.9,1.8,349,10.2
8,Chandigarh,206,0,4.0,4.3,-0.3,24,0.0
9,Chhattisgarh,3448,0,73.7,31.2,-1.3,259,0.0
10,Gujarat,14818,0,314.4,95.3,3.7,867,0.0
11,MP,8494,0,184.4,91.6,-2.8,516,0.0
12,Maharashtra,16956,0,374.1,127.7,-4.7,641,0.0
13,Goa,365,0,8.2,8.2,-0.5,47,0.0
14,DD,215,0,4.6,4.5,0.1,21,0.0
15,DNH,419,0,9.2,9.2,0.0,40,0.0
16,AMNSIL,803,0,17.8,1.4,0.7,276,0.0
17,Andhra Pradesh,8676,0,172.0,79.8,0.4,497,0.0
18,Telangana,6639,0,140.2,62.7,-0.1,645,0.0
19,Karnataka,7896,0,155.9,59.1,-3.9,524,0.0
20,Kerala,3175,0,65.6,44.5,0.6,201,0.0
21,Tamil Nadu,13589,0,305.1,134.0,-2.4,616,0.0
22,Puducherry,377,0,7.9,8.1,-0.3,33,0.0
23,Bihar,5333,0,99.6,94.6,0.3,310,0.0
24,DVC,2698,0,57.9,-32.6,0.5,161,0.0
25,Jharkhand,1290,0,23.6,16.1,-0.9,138,0.0
26,Odisha,3593,0,75.6,13.8,-1.1,95,0.0
27,West Bengal,6686,0,130.9,41.2,2.0,259,0.0
28,Sikkim,97,0,1.3,1.4,-0.1,8,0.0
29,Arunachal Pradesh,106,0,2.0,2.0,0.0,37,0.0
30,Assam,1467,137,24.8,20.5,0.0,137,2.3
31,Manipur,188,1,2.4,2.4,0.0,24,0.0
32,Meghalaya,306,0,5.0,1.8,-0.3,75,0.0
33,Mizoram,96,0,1.6,1.4,0.1,28,0.0
34,Nagaland,117,0,2.2,2.1,0.0,15,0.0
35,Tripura,276,3,4.4,5.1,-0.3,43,0.0
