,States,"Max.Demand
Met during the 
day(MW)","Shortage during
maximum 
Demand(MW)","Energy Met
(MU)","Drawal
Schedule
(MU)","OD(+)/UD(-)
(MU)","Max OD
(MW)","Energy
Shortage 
(MU)"
0,Punjab,5555,0,109.0,87.7,-2.5,137,0.0
1,Haryana,6452,0,112.5,95.9,0.1,181,0.0
2,Rajasthan,9878,0,206.6,66.6,-2.4,366,0.0
3,Delhi,3471,0,68.3,60.2,-2.9,0,0.0
4,UP,16399,0,287.1,136.7,1.1,1205,0.0
5,Uttarakhand,1127,0,23.3,5.9,0.2,78,0.0
6,HP,905,0,16.7,-4.2,-0.3,337,0.0
7,J&K(UT) & Ladakh(UT),2117,529,38.3,19.9,-1.2,183,9.2
8,Chandigarh,158,0,3.2,3.3,-0.1,26,0.0
9,Chhattisgarh,3262,0,74.7,21.3,-1.2,252,0.0
10,Gujarat,13474,0,295.5,92.7,2.7,556,0.0
11,MP,8826,0,193.3,104.0,-2.2,450,0.0
12,Maharashtra,18238,0,409.9,168.8,-0.3,501,0.0
13,Goa,455,0,9.7,9.3,-0.1,38,0.0
14,DD,158,0,3.3,3.2,0.1,74,0.0
15,DNH,271,0,5.8,5.8,0.0,44,0.0
16,AMNSIL,451,0,3.7,3.4,0.3,229,0.0
17,Andhra Pradesh,7838,0,157.9,88.7,0.0,450,0.0
18,Telangana,6373,0,137.0,62.3,0.3,352,0.0
19,Karnataka,9737,0,187.9,53.1,0.1,504,0.0
20,Kerala,3509,0,70.5,48.3,0.6,168,0.0
21,Tamil Nadu,10812,0,245.3,171.3,1.6,541,0.0
22,Puducherry,310,0,6.2,6.2,0.0,37,0.0
23,Bihar,4325,0,71.3,69.0,-3.1,324,0.0
24,DVC,1729,0,34.4,-21.7,1.6,281,0.0
25,Jharkhand,1280,0,22.0,15.1,-1.6,117,0.0
26,Odisha,3481,0,70.2,-9.8,1.0,367,0.0
27,West Bengal,5156,0,95.5,32.0,0.3,320,0.0
28,Sikkim,103,0,1.3,1.5,-0.2,36,0.0
29,Arunachal Pradesh,102,1,1.7,1.0,0.7,60,0.0
30,Assam,1437,90,21.7,18.5,0.2,148,0.9
31,Manipur,165,2,2.0,2.3,-0.2,29,0.0
32,Meghalaya,250,0,4.0,1.9,-0.2,78,0.1
33,Mizoram,90,1,1.4,1.4,-0.3,25,0.0
34,Nagaland,114,1,1.8,2.0,-0.4,16,0.0
35,Tripura,208,2,4.5,3.5,0.1,29,0.0
