,States,"Max.Demand
Met during the 
day(MW)","Shortage during
maximum 
Demand(MW)","Energy Met
(MU)","Drawal
Schedule
(MU)","OD(+)/UD(-)
(MU)","Max OD
(MW)","Energy
Shortage 
(MU)"
0,Punjab,6433,0,140.0,105.6,-1.3,165,0.0
1,Haryana,6314,0,127.1,114.4,2.5,500,0.0
2,Rajasthan,9839,0,203.8,68.6,-0.4,769,0.0
3,Delhi,4227,0,85.7,75.3,-0.9,135,0.0
4,UP,18950,340,365.4,206.5,3.4,463,0.4
5,Uttarakhand,1625,0,35.3,15.9,0.9,199,0.0
6,HP,1342,0,24.6,1.2,0.3,281,0.0
7,J&K(UT) & Ladakh(UT),2206,552,43.3,21.9,-1.6,206,10.3
8,Chandigarh,210,0,4.1,4.5,-0.4,11,0.0
9,Chhattisgarh,3283,0,76.8,27.8,-1.1,223,0.0
10,Gujarat,14489,0,301.9,85.7,0.1,1010,0.0
11,MP,8395,0,182.9,95.8,-1.8,644,0.0
12,Maharashtra,13834,0,288.2,75.5,-8.7,1030,0.0
13,Goa,366,0,7.7,7.5,-0.3,42,0.0
14,DD,187,0,2.8,2.6,0.2,31,0.0
15,DNH,328,0,7.1,6.9,0.2,92,0.0
16,AMNSIL,778,0,17.4,1.3,0.5,291,0.0
17,Andhra Pradesh,8712,0,175.3,71.2,0.7,617,0.0
18,Telangana,6630,0,139.7,68.8,0.1,613,0.0
19,Karnataka,7896,0,144.6,48.1,-4.2,559,0.0
20,Kerala,3141,0,65.6,45.3,0.5,172,0.0
21,Tamil Nadu,13685,0,311.9,143.6,-0.4,570,0.0
22,Puducherry,372,0,7.8,8.1,-0.3,30,0.0
23,Bihar,5215,0,106.7,99.6,0.7,324,0.0
24,DVC,2737,0,59.6,-34.8,0.6,296,0.0
25,Jharkhand,1397,0,26.6,18.2,-0.4,177,0.0
26,Odisha,3661,0,77.0,13.4,0.2,257,0.0
27,West Bengal,7560,0,138.6,46.4,3.6,554,0.0
28,Sikkim,98,0,1.3,1.5,-0.2,29,0.0
29,Arunachal Pradesh,104,1,2.0,2.0,0.0,36,0.0
30,Assam,1455,20,23.2,19.2,-0.2,119,0.0
31,Manipur,186,1,2.6,2.4,0.2,44,0.0
32,Meghalaya,296,0,5.2,1.8,-0.2,65,0.0
33,Mizoram,84,2,1.4,1.3,0.0,20,0.0
34,Nagaland,116,2,2.3,2.1,0.1,12,0.0
35,Tripura,245,1,4.2,4.8,-0.4,27,0.0
