,States,"Max.Demand
Met during the 
day(MW)","Shortage during
maximum 
Demand(MW)","Energy Met
(MU)","Drawal
Schedule
(MU)","OD(+)/UD(-)
(MU)","Max OD
(MW)","Energy
Shortage 
(MU)"
0,Punjab,4539,0,88.2,71.4,-4.9,142,0.0
1,Haryana,5277,0,89.5,83.6,-6.3,161,0.0
2,Rajasthan,10025,0,187.7,61.5,-3.7,556,0.0
3,Delhi,3454,0,64.8,54.9,-2.2,19,0.0
4,UP,14269,0,282.8,138.9,0.4,911,0.0
5,Uttarakhand,1089,0,21.2,5.3,-1.0,79,0.0
6,HP,864,0,16.1,-4.9,-0.8,240,0.0
7,J&K(UT) & Ladakh(UT),2063,516,37.8,18.9,-0.8,186,9.0
8,Chandigarh,148,0,2.9,3.0,-0.1,18,0.0
9,Chhattisgarh,3245,0,77.3,22.7,-0.3,188,0.0
10,Gujarat,13135,0,289.9,87.2,4.0,742,0.0
11,MP,9014,0,191.0,104.2,-3.2,302,0.0
12,Maharashtra,18434,0,414.1,174.5,-0.7,600,0.0
13,Goa,450,0,9.4,9.0,-0.1,70,0.0
14,DD,144,0,3.3,3.1,0.2,31,0.0
15,DNH,263,0,6.0,6.0,0.0,37,0.0
16,AMNSIL,436,0,3.5,3.3,0.2,169,0.0
17,Andhra Pradesh,8260,0,163.9,93.4,0.0,478,0.0
18,Telangana,6579,0,141.8,61.5,0.3,356,0.0
19,Karnataka,9451,0,184.0,46.7,-0.5,686,0.0
20,Kerala,3475,0,69.1,47.2,0.4,205,0.0
21,Tamil Nadu,11294,0,250.0,176.2,2.6,566,0.0
22,Puducherry,301,0,5.8,6.0,-0.2,48,0.0
23,Bihar,4581,0,81.8,75.2,0.5,294,0.0
24,DVC,1869,0,37.0,-18.2,0.7,254,0.0
25,Jharkhand,1388,0,23.7,16.7,-0.9,129,0.0
26,Odisha,3918,0,78.2,-2.9,0.0,292,0.0
27,West Bengal,5999,0,103.2,35.4,2.0,418,0.0
28,Sikkim,81,0,1.0,1.2,-0.3,26,0.0
29,Arunachal Pradesh,106,1,1.3,0.9,0.4,45,0.0
30,Assam,1342,30,21.4,18.0,0.4,147,0.9
31,Manipur,170,1,2.3,2.3,0.0,30,0.0
32,Meghalaya,247,0,4.0,1.4,0.0,90,0.1
33,Mizoram,89,2,1.5,1.4,0.0,15,0.0
34,Nagaland,118,2,2.1,1.9,-0.1,26,0.0
35,Tripura,231,2,3.9,3.3,-0.2,49,0.0
