,Unnamed: 0,States,"Max.Demand
Met during the 
day(MW)","Shortage during
maximum 
Demand(MW)","Energy Met
(MU)","Drawal
Schedule
(MU)","OD(+)/UD(-)
(MU)","Max OD
(MW)","Energy
Shortage 
(MU)"
0,0,Punjab,6732,0,146.5,109.6,-0.7,306,0.0
1,1,Haryana,5868,0,126.0,120.2,-0.6,446,0.0
2,2,Rajasthan,9482,0,201.2,75.5,-0.7,481,0.0
3,3,Delhi,4186,0,85.1,74.9,-2.0,64,0.0
4,4,UP,18335,0,342.0,200.8,-2.7,1117,0.0
5,5,Uttarakhand,1637,0,35.1,16.8,-0.1,128,0.0
6,6,HP,1271,0,24.9,1.5,0.8,168,0.0
7,7,J&K(UT) & Ladakh(UT),2115,529,44.4,20.0,1.4,176,10.6
8,8,Chandigarh,221,0,4.1,4.0,0.1,27,0.0
9,9,Chhattisgarh,3263,0,76.4,24.4,2.0,267,0.0
10,10,Gujarat,14581,0,298.3,91.1,1.1,592,0.0
11,11,MP,6776,0,143.2,65.0,-2.6,1002,0.0
12,12,Maharashtra,13766,0,283.6,81.8,-0.6,580,0.0
13,13,Goa,400,0,8.4,7.8,0.1,74,0.0
14,14,DD,228,0,4.1,3.9,0.2,32,0.0
15,15,DNH,434,0,8.9,8.7,0.2,40,0.0
16,16,AMNSIL,786,0,17.7,1.4,0.3,262,0.0
17,17,Andhra Pradesh,8227,0,174.3,61.8,-0.7,523,0.0
18,18,Telangana,6570,0,142.8,72.8,1.6,626,0.0
19,19,Karnataka,8150,0,166.4,57.1,-0.7,604,0.0
20,20,Kerala,3204,0,66.3,48.7,0.3,199,0.0
21,21,Tamil Nadu,13979,0,319.5,150.1,-0.1,526,0.0
22,22,Puducherry,371,0,7.8,7.9,-0.1,22,0.0
23,23,Bihar,5068,0,100.7,94.0,1.4,120,0.0
24,24,DVC,2768,0,59.5,-40.4,-0.3,443,0.0
25,25,Jharkhand,1259,0,25.0,18.6,-2.1,119,0.0
26,26,Odisha,3822,0,79.6,10.9,-1.3,235,0.0
27,27,West Bengal,7509,0,148.8,54.2,2.0,680,0.0
28,28,Sikkim,99,0,1.4,1.5,-0.1,19,0.0
29,29,Arunachal Pradesh,100,1,2.0,1.9,0.1,38,0.0
30,30,Assam,1424,20,23.9,20.7,0.0,111,0.0
31,31,Manipur,182,1,2.4,2.2,0.2,28,0.0
32,32,Meghalaya,303,0,5.1,1.0,-0.3,34,0.0
33,33,Mizoram,95,1,1.7,1.4,0.2,34,0.0
34,34,Nagaland,118,2,2.3,2.1,0.1,21,0.0
35,35,Tripura,233,5,3.8,4.5,-0.4,36,0.0
