,Unnamed: 0,States,"Max.Demand
Met during the 
day(MW)","Shortage during
maximum 
Demand(MW)","Energy Met
(MU)","Drawal
Schedule
(MU)","OD(+)/UD(-)
(MU)","Max OD
(MW)","Energy
Shortage 
(MU)"
0,0,Punjab,6830,0,151.0,113.4,-0.1,267,0.0
1,1,Haryana,5926,0,121.4,113.8,2.2,325,0.0
2,2,Rajasthan,9121,0,198.0,64.7,-3.7,784,0.0
3,3,Delhi,3895,0,81.0,71.4,-2.2,49,0.0
4,4,UP,15652,0,284.9,159.8,-4.6,1302,0.0
5,5,Uttarakhand,1525,0,32.9,14.5,-0.1,129,0.0
6,6,HP,1323,0,25.3,1.7,0.3,322,0.0
7,7,J&K(UT) & Ladakh(UT),1971,493,42.8,20.3,-0.5,163,10.2
8,8,Chandigarh,198,0,3.9,4.1,-0.2,7,0.0
9,9,Chhattisgarh,3317,0,74.9,25.9,-1.5,199,0.0
10,10,Gujarat,14706,0,288.9,93.9,-2.1,647,0.0
11,11,MP,6924,0,149.8,71.4,-1.9,543,0.0
12,12,Maharashtra,15166,0,335.2,115.4,2.8,798,0.0
13,13,Goa,469,0,8.8,8.5,-0.2,82,0.0
14,14,DD,225,0,4.9,4.6,0.3,24,0.0
15,15,DNH,447,0,10.0,9.8,0.2,10,0.0
16,16,AMNSIL,815,0,17.4,1.4,0.3,255,0.0
17,17,Andhra Pradesh,8987,0,181.6,69.3,0.4,533,0.0
18,18,Telangana,7050,0,149.2,76.7,2.1,667,0.0
19,19,Karnataka,9342,0,177.3,63.7,1.8,625,0.0
20,20,Kerala,3146,0,66.4,48.9,0.3,169,0.0
21,21,Tamil Nadu,13876,0,321.4,147.8,-2.5,456,0.0
22,22,Puducherry,373,0,7.6,7.8,-0.2,48,0.0
23,23,Bihar,4847,0,74.0,75.0,-5.4,351,0.0
24,24,DVC,2868,0,61.1,-36.1,0.8,615,0.0
25,25,Jharkhand,1338,0,24.7,17.4,-1.2,170,0.0
26,26,Odisha,4125,0,84.5,12.4,0.8,376,0.0
27,27,West Bengal,7347,0,141.3,48.2,2.6,681,0.0
28,28,Sikkim,94,0,1.4,1.4,0.0,19,0.0
29,29,Arunachal Pradesh,104,1,1.9,2.0,-0.1,54,0.0
30,30,Assam,1492,12,26.0,22.2,0.8,139,0.0
31,31,Manipur,187,0,2.5,2.2,0.3,64,0.0
32,32,Meghalaya,317,1,5.3,0.8,0.0,37,0.0
33,33,Mizoram,94,0,1.7,1.5,0.0,26,0.0
34,34,Nagaland,101,0,2.2,2.0,0.1,10,0.0
35,35,Tripura,276,1,3.2,4.4,-0.4,86,0.0
