,Unnamed: 0,States,"Max.Demand
Met during the 
day(MW)","Shortage during
maximum 
Demand(MW)","Energy Met
(MU)","Drawal
Schedule
(MU)","OD(+)/UD(-)
(MU)","Max OD
(MW)","Energy
Shortage 
(MU)"
0,0,Punjab,5024,0,100.5,72.5,0.0,170,0.0
1,1,Haryana,5502,0,108.2,105.3,0.0,202,0.2
2,2,Rajasthan,8698,0,185.3,83.4,8.0,804,0.0
3,3,Delhi,3398,0,65.8,56.8,-2.1,37,0.0
4,4,UP,14212,0,260.8,122.3,-2.2,490,2.6
5,5,Uttarakhand,1190,0,25.3,7.6,0.8,199,0.0
6,6,HP,978,0,18.4,-3.8,1.8,257,0.0
7,7,J&K(UT) & Ladakh(UT),2065,516,40.7,31.3,0.1,265,9.6
8,8,Chandigarh,156,0,3.2,3.1,0.1,34,0.0
9,9,Chhattisgarh,3162,0,70.8,21.5,-1.4,226,0.0
10,10,Gujarat,13772,0,294.8,85.4,4.2,679,0.0
11,11,MP,9014,0,174.6,96.0,-1.5,410,0.0
12,12,Maharashtra,19380,0,421.3,181.4,-1.8,491,0.0
13,13,Goa,477,0,10.6,10.2,-0.1,55,0.0
14,14,DD,178,0,3.8,3.7,0.1,41,0.0
15,15,DNH,333,0,7.3,7.3,0.0,34,0.0
16,16,AMNSIL,426,0,4.1,4.0,0.1,147,0.0
17,17,Andhra Pradesh,8533,0,170.6,98.0,0.0,579,0.0
18,18,Telangana,7063,0,146.9,62.8,0.5,342,0.0
19,19,Karnataka,10165,0,204.2,57.4,-0.4,509,0.0
20,20,Kerala,3290,0,72.4,48.8,1.1,238,0.0
21,21,Tamil Nadu,11927,0,271.8,183.7,0.2,373,0.0
22,22,Puducherry,332,0,6.6,6.8,-0.2,50,0.0
23,23,Bihar,4268,0,70.8,68.2,-2.2,190,0.0
24,24,DVC,2123,0,42.1,-18.7,0.8,280,0.0
25,25,Jharkhand,1291,0,22.6,15.8,-1.8,200,0.0
26,26,Odisha,3919,0,80.6,0.1,0.0,250,0.0
27,27,West Bengal,6193,0,127.0,45.2,1.6,210,0.0
28,28,Sikkim,104,0,1.4,1.5,-0.1,30,0.0
29,29,Arunachal Pradesh,60,7,1.3,1.0,0.3,29,0.0
30,30,Assam,1143,410,22.8,20.2,-0.1,161,2.3
31,31,Manipur,180,10,2.4,2.2,0.2,21,0.0
32,32,Meghalaya,260,11,4.3,1.7,0.1,45,0.1
33,33,Mizoram,96,5,1.3,1.4,-0.2,25,0.0
34,34,Nagaland,118,4,2.0,2.0,-0.2,7,0.0
35,35,Tripura,245,45,3.4,4.0,-0.6,57,0.1
