,States,"Max.Demand
Met during the 
day(MW)","Shortage during
maximum 
Demand(MW)","Energy Met
(MU)","Drawal
Schedule
(MU)","OD(+)/UD(-)
(MU)","Max OD
(MW)","Energy
Shortage 
(MU)"
0,Punjab,4805,0,105.4,81.6,-1.2,128,0.0
1,Haryana,5288,0,106.9,100.0,0.6,252,0.0
2,Rajasthan,8631,0,178.8,69.4,-2.6,475,0.0
3,Delhi,3382,0,68.5,58.2,-2.0,4,0.0
4,UP,15708,0,269.3,127.2,0.2,701,0.0
5,Uttarakhand,1193,0,25.3,9.0,-0.2,87,0.0
6,HP,1047,0,19.9,-1.0,1.6,141,0.0
7,J&K(UT) & Ladakh(UT),2048,512,39.2,30.8,-1.5,157,9.3
8,Chandigarh,154,0,3.3,3.1,0.1,18,0.0
9,Chhattisgarh,3092,0,70.8,21.8,-1.2,233,0.0
10,Gujarat,13564,0,300.2,94.8,1.2,949,0.0
11,MP,8302,0,181.1,104.9,-2.8,519,0.0
12,Maharashtra,19553,0,431.5,172.8,-0.8,554,0.0
13,Goa,475,0,10.4,10.2,-0.3,46,0.0
14,DD,203,0,3.9,3.9,0.0,417,0.0
15,DNH,335,0,7.5,7.5,0.0,361,0.0
16,AMNSIL,429,0,3.5,3.3,0.2,154,0.0
17,Andhra Pradesh,8702,0,171.9,95.0,1.2,807,0.0
18,Telangana,6923,0,146.1,66.3,-0.4,414,0.0
19,Karnataka,10434,0,204.0,58.8,2.0,670,0.0
20,Kerala,3112,0,68.1,47.0,1.2,241,0.0
21,Tamil Nadu,12317,0,279.6,183.2,-0.7,421,0.0
22,Puducherry,350,0,6.9,7.2,-0.3,34,0.0
23,Bihar,4510,0,74.7,70.1,-0.9,143,0.0
24,DVC,2085,0,38.7,-17.8,1.1,304,0.0
25,Jharkhand,1254,0,18.1,13.2,-3.5,73,0.0
26,Odisha,3543,0,69.7,-11.4,0.7,368,0.0
27,West Bengal,6059,0,107.4,37.1,-0.5,397,0.0
28,Sikkim,97,0,1.3,1.6,-0.3,14,0.0
29,Arunachal Pradesh,96,1,1.8,0.9,0.8,30,0.0
30,Assam,1381,52,21.9,18.7,0.0,130,1.2
31,Manipur,182,1,2.3,2.4,-0.1,20,0.0
32,Meghalaya,279,0,4.4,2.4,-0.2,69,0.1
33,Mizoram,93,1,1.6,1.4,0.1,13,0.0
34,Nagaland,110,1,2.1,2.0,-0.1,8,0.0
35,Tripura,225,3,3.3,3.4,-1.0,60,0.3
