,Unnamed: 0,States,"Max.Demand
Met during the 
day(MW)","Shortage during
maximum 
Demand(MW)","Energy Met
(MU)","Drawal
Schedule
(MU)","OD(+)/UD(-)
(MU)","Max OD
(MW)","Energy
Shortage 
(MU)"
0,0,Punjab,6319,0,143.4,106.7,-0.2,278,0.0
1,1,Haryana,6532,0,129.4,121.5,1.2,368,0.0
2,2,Rajasthan,9407,0,206.1,76.3,2.8,739,0.0
3,3,Delhi,4211,0,80.2,71.3,-2.3,179,0.0
4,4,UP,18211,0,324.9,179.1,-2.8,572,0.0
5,5,Uttarakhand,1561,0,34.2,15.1,0.3,136,0.0
6,6,HP,1262,0,24.7,1.0,0.1,130,0.0
7,7,J&K(UT) & Ladakh(UT),1738,435,35.0,13.6,-1.7,27,8.3
8,8,Chandigarh,190,0,3.9,4.1,-0.2,20,0.0
9,9,Chhattisgarh,3455,0,76.5,24.8,-2.5,214,0.0
10,10,Gujarat,14018,0,279.5,85.4,1.0,890,0.0
11,11,MP,7609,0,162.3,83.2,-1.4,412,0.0
12,12,Maharashtra,15920,0,357.0,128.3,-1.1,704,0.0
13,13,Goa,389,0,8.4,8.1,-0.2,46,0.0
14,14,DD,237,0,5.1,4.9,0.2,26,0.0
15,15,DNH,436,0,10.0,10.0,0.0,398,0.0
16,16,AMNSIL,782,0,12.4,1.4,1.2,339,0.0
17,17,Andhra Pradesh,9423,0,186.6,67.7,-0.1,601,0.0
18,18,Telangana,7173,0,153.9,81.3,2.0,730,0.0
19,19,Karnataka,9194,0,175.2,62.3,1.5,577,0.0
20,20,Kerala,3055,0,64.2,44.6,0.1,137,0.0
21,21,Tamil Nadu,12868,0,299.3,126.9,-4.5,545,0.0
22,22,Puducherry,362,0,7.6,8.0,-0.4,26,0.0
23,23,Bihar,4959,0,85.3,80.9,-0.5,303,0.0
24,24,DVC,2851,0,62.3,-33.3,0.7,329,0.0
25,25,Jharkhand,1347,0,26.5,19.3,-1.7,214,0.0
26,26,Odisha,4417,0,93.9,16.3,0.2,425,0.0
27,27,West Bengal,8022,0,157.4,54.7,2.6,653,0.0
28,28,Sikkim,95,0,1.4,1.4,-0.1,30,0.0
29,29,Arunachal Pradesh,89,1,1.7,2.1,-0.3,4,0.0
30,30,Assam,1567,15,24.2,20.5,-0.2,101,0.0
31,31,Manipur,181,1,2.4,2.5,-0.1,21,0.0
32,32,Meghalaya,317,0,4.5,1.1,-0.2,53,0.0
33,33,Mizoram,94,0,1.7,1.3,0.1,20,0.0
34,34,Nagaland,108,1,2.1,2.1,-0.1,10,0.0
35,35,Tripura,260,2,4.3,5.3,-0.1,72,0.0
