,States,"Max.Demand
Met during the 
day(MW)","Shortage during
maximum 
Demand(MW)","Energy Met
(MU)","Drawal
Schedule
(MU)","OD(+)/UD(-)
(MU)","Max OD
(MW)","Energy
Shortage 
(MU)"
0,Punjab,6349,0,142.2,105.4,0.1,210,0.0
1,Haryana,6082,0,116.8,109.4,-1.6,400,0.0
2,Rajasthan,9717,0,205.9,74.5,-0.3,523,0.0
3,Delhi,4192,0,79.8,70.3,-2.9,198,0.0
4,UP,18569,0,344.5,186.1,-1.1,447,0.0
5,Uttarakhand,1486,0,32.3,14.4,0.0,155,0.0
6,HP,1071,0,21.5,-0.9,-1.7,38,0.0
7,J&K(UT) & Ladakh(UT),2177,544,38.2,15.8,-0.7,326,9.1
8,Chandigarh,174,0,3.5,3.8,-0.2,36,0.0
9,Chhattisgarh,3482,0,78.5,25.1,-2.0,230,0.0
10,Gujarat,11834,0,261.7,92.0,0.1,644,0.0
11,MP,7862,0,170.2,93.7,-1.7,554,0.0
12,Maharashtra,16430,0,366.4,133.1,1.7,414,0.0
13,Goa,363,0,7.6,7.2,-0.1,93,0.0
14,DD,229,0,5.1,4.7,0.4,38,0.0
15,DNH,456,0,10.4,10.3,0.1,0,0.0
16,AMNSIL,760,0,14.4,1.8,0.3,269,0.0
17,Andhra Pradesh,9046,0,182.6,64.3,1.5,642,0.0
18,Telangana,6978,0,151.9,81.6,1.9,500,0.0
19,Karnataka,8448,0,170.2,62.6,0.0,727,0.0
20,Kerala,2870,0,57.1,39.0,0.5,201,0.0
21,Tamil Nadu,12173,0,279.2,114.2,-2.1,498,0.0
22,Puducherry,338,0,7.0,7.1,-0.2,54,0.0
23,Bihar,5328,0,99.8,96.3,-2.1,330,0.0
24,DVC,2753,0,60.6,-30.8,0.4,344,0.0
25,Jharkhand,1369,0,26.9,20.1,-1.7,125,0.0
26,Odisha,4189,0,91.1,21.8,-0.3,310,0.0
27,West Bengal,7910,0,149.0,50.4,2.9,512,0.0
28,Sikkim,80,0,1.0,1.1,-0.1,14,0.0
29,Arunachal Pradesh,102,1,2.0,1.9,0.1,11,0.0
30,Assam,1575,40,27.2,22.4,0.6,153,0.3
31,Manipur,181,2,2.4,2.4,0.0,22,0.0
32,Meghalaya,322,0,5.1,1.0,-0.3,29,0.0
33,Mizoram,90,1,1.7,1.3,0.1,6,0.0
34,Nagaland,108,1,2.1,2.1,-0.2,17,0.0
35,Tripura,272,12,4.4,5.1,-0.3,48,0.0
