,States,"Max.Demand
Met during the 
day(MW)","Shortage during
maximum 
Demand(MW)","Energy Met
(MU)","Drawal
Schedule
(MU)","OD(+)/UD(-)
(MU)","Max OD
(MW)","Energy
Shortage 
(MU)"
0,Punjab,5070,0,112.9,89.1,-1.3,109,0.0
1,Haryana,5726,50,109.1,100.5,1.4,364,0.9
2,Rajasthan,9071,0,192.5,77.0,1.1,354,0.0
3,Delhi,3388,0,65.7,54.8,-2.0,0,0.0
4,UP,15278,0,257.6,120.0,-1.4,868,0.2
5,Uttarakhand,1230,0,22.7,6.9,-0.5,142,0.0
6,HP,1022,0,17.4,-0.1,-0.3,99,0.0
7,J&K(UT) & Ladakh(UT),2091,523,41.9,22.2,0.6,323,9.9
8,Chandigarh,157,0,3.2,3.1,0.1,11,0.0
9,Chhattisgarh,3203,0,65.6,15.0,-1.4,194,0.0
10,Gujarat,13873,0,303.6,92.8,3.7,482,0.0
11,MP,8747,0,186.8,100.2,-2.0,519,0.0
12,Maharashtra,19480,0,427.2,187.9,-2.1,487,0.0
13,Goa,489,0,10.6,10.3,-0.1,32,0.0
14,DD,178,0,3.9,3.7,0.2,29,0.0
15,DNH,338,0,7.6,7.6,0.0,27,0.0
16,AMNSIL,432,0,1.3,1.2,0.2,123,0.0
17,Andhra Pradesh,8762,0,171.7,105.2,0.5,655,0.0
18,Telangana,6823,0,141.8,64.0,0.3,607,0.0
19,Karnataka,10435,0,205.2,59.4,0.6,535,0.0
20,Kerala,3451,0,69.8,48.2,0.5,185,0.0
21,Tamil Nadu,12289,0,281.7,178.6,-0.4,511,0.0
22,Puducherry,347,0,7.3,7.4,-0.2,49,0.0
23,Bihar,4190,0,71.3,68.7,-1.5,445,0.0
24,DVC,2051,0,43.1,-18.6,0.5,230,0.0
25,Jharkhand,1196,0,21.5,15.2,-2.1,115,0.0
26,Odisha,3542,0,72.6,-7.1,0.1,205,0.0
27,West Bengal,5620,0,116.0,38.1,1.3,405,0.0
28,Sikkim,89,0,1.2,1.5,-0.3,17,0.0
29,Arunachal Pradesh,104,1,1.9,1.0,0.8,31,0.0
30,Assam,1439,110,21.8,20.7,-0.1,94,2.0
31,Manipur,185,1,2.2,2.3,-0.2,29,0.0
32,Meghalaya,282,0,4.6,2.5,-0.1,53,0.1
33,Mizoram,96,1,1.7,1.4,0.2,19,0.0
34,Nagaland,113,1,2.0,2.0,-0.1,12,0.0
35,Tripura,265,2,1.4,2.7,-0.2,38,0.0
