,States,"Max.Demand
Met during the 
day(MW)","Shortage during
maximum 
Demand(MW)","Energy Met
(MU)","Drawal
Schedule
(MU)","OD(+)/UD(-)
(MU)","Max OD
(MW)","Energy
Shortage 
(MU)"
0,Punjab,7230,0,158.9,116.2,0.1,265,0.0
1,Haryana,6710,550,134.9,123.9,2.4,334,1.5
2,Rajasthan,10396,0,221.7,81.2,1.7,496,0.0
3,Delhi,4583,0,88.0,76.9,-1.2,194,0.0
4,UP,19847,170,384.5,204.7,-1.3,403,1.1
5,Uttarakhand,1692,0,37.1,16.9,1.2,137,0.0
6,HP,1273,0,25.1,0.2,-0.7,181,0.0
7,J&K(UT) & Ladakh(UT),2029,507,39.9,17.9,-1.1,169,9.5
8,Chandigarh,229,0,4.5,4.3,0.1,27,0.0
9,Chhattisgarh,3470,0,78.8,26.6,-3.0,166,0.0
10,Gujarat,12810,0,271.0,94.1,2.6,707,0.0
11,MP,8160,0,179.3,94.1,-1.7,439,0.0
12,Maharashtra,17658,0,385.6,132.6,1.3,476,0.0
13,Goa,424,0,8.5,7.9,0.1,76,0.0
14,DD,241,0,5.2,4.8,0.4,37,0.0
15,DNH,493,0,10.9,10.7,0.3,43,0.0
16,AMNSIL,782,0,17.5,1.4,0.4,221,0.0
17,Andhra Pradesh,9096,0,184.3,55.9,1.8,571,0.0
18,Telangana,7637,0,160.2,84.9,0.8,557,0.0
19,Karnataka,9700,0,187.7,60.4,0.9,892,0.0
20,Kerala,3238,0,64.1,44.8,0.1,151,0.0
21,Tamil Nadu,13707,0,302.4,129.7,1.1,670,0.0
22,Puducherry,379,0,7.8,8.0,-0.2,44,0.0
23,Bihar,5434,0,108.3,103.0,-0.3,245,0.0
24,DVC,2930,0,61.9,-40.7,-0.2,255,0.0
25,Jharkhand,1346,0,27.3,19.9,-1.3,165,0.0
26,Odisha,4056,0,82.5,6.4,-0.7,285,0.0
27,West Bengal,7738,0,155.4,51.2,2.7,695,0.0
28,Sikkim,94,0,1.3,1.4,-0.1,15,0.0
29,Arunachal Pradesh,96,2,1.8,1.7,0.1,30,0.0
30,Assam,1709,0,28.6,24.7,-0.2,197,0.0
31,Manipur,188,1,2.5,2.4,0.1,37,0.0
32,Meghalaya,310,0,5.4,0.7,-0.3,45,0.0
33,Mizoram,95,1,1.8,1.3,0.2,21,0.0
34,Nagaland,128,2,2.3,2.2,-0.1,73,0.0
35,Tripura,275,14,4.5,5.0,-0.4,49,0.0
