,States,"Max.Demand
Met during the 
day(MW)","Shortage during
maximum 
Demand(MW)","Energy Met
(MU)","Drawal
Schedule
(MU)","OD(+)/UD(-)
(MU)","Max OD
(MW)","Energy
Shortage 
(MU)"
0,Punjab,5645,0,121.1,94.5,-0.9,90,0.0
1,Haryana,6078,0,120.2,105.9,0.5,251,0.6
2,Rajasthan,9694,171,208.7,78.8,0.7,411,0.0
3,Delhi,3745,0,71.8,59.7,-1.0,39,0.0
4,UP,16638,0,300.3,139.7,0.4,1099,0.6
5,Uttarakhand,1268,0,26.5,9.8,0.8,119,0.0
6,HP,1016,0,19.2,0.3,1.0,182,0.0
7,J&K(UT) & Ladakh(UT),2346,586,44.1,24.4,1.9,463,10.4
8,Chandigarh,164,0,3.3,3.3,0.1,12,0.0
9,Chhattisgarh,3135,0,68.2,15.5,-1.2,259,0.0
10,Gujarat,13969,0,304.0,88.3,3.6,574,0.0
11,MP,8928,0,197.2,106.8,-2.8,313,0.0
12,Maharashtra,19514,0,428.6,185.7,-2.5,286,0.0
13,Goa,481,0,10.6,10.3,-0.2,35,0.0
14,DD,185,0,3.9,3.8,0.1,21,0.0
15,DNH,349,0,7.9,7.8,0.1,20,0.0
16,AMNSIL,426,0,1.1,1.0,0.1,126,0.0
17,Andhra Pradesh,8884,0,174.8,106.1,0.4,527,0.0
18,Telangana,6864,0,145.4,69.8,0.8,576,0.0
19,Karnataka,10162,0,199.3,55.8,-0.8,585,0.0
20,Kerala,3514,0,71.3,48.2,0.3,187,0.0
21,Tamil Nadu,12834,0,288.1,175.4,0.9,689,0.0
22,Puducherry,354,0,7.4,7.5,-0.2,51,0.0
23,Bihar,4525,0,76.1,72.9,-1.1,205,0.0
24,DVC,2227,0,44.6,-21.9,1.1,250,0.0
25,Jharkhand,1296,0,22.9,15.4,-1.3,130,0.0
26,Odisha,3613,0,73.6,-5.6,-0.4,195,0.0
27,West Bengal,6100,0,112.9,37.5,-0.4,289,0.0
28,Sikkim,105,0,1.3,1.5,-0.3,18,0.0
29,Arunachal Pradesh,107,0,1.7,1.1,0.4,15,0.0
30,Assam,1397,63,23.0,19.1,-0.3,102,1.8
31,Manipur,186,1,2.2,2.3,-0.2,24,0.0
32,Meghalaya,293,0,4.8,2.8,-0.1,53,0.1
33,Mizoram,93,1,1.5,1.4,0.0,15,0.0
34,Nagaland,114,2,2.1,2.0,-0.1,18,0.0
35,Tripura,268,3,3.3,3.1,-0.5,35,0.0
