,States,"Max.Demand
Met during the 
day(MW)","Shortage during
maximum 
Demand(MW)","Energy Met
(MU)","Drawal
Schedule
(MU)","OD(+)/UD(-)
(MU)","Max OD
(MW)","Energy
Shortage 
(MU)"
0,Punjab,8069,0,178.4,130.0,-0.9,316,0.0
1,Haryana,7154,353,151.9,134.3,0.8,543,0.2
2,Rajasthan,11006,0,237.0,79.7,3.0,604,0.0
3,Delhi,5095,0,97.5,86.8,-1.7,158,0.0
4,UP,21075,0,415.2,208.9,-0.3,570,0.0
5,Uttarakhand,1785,0,39.1,19.0,0.7,216,0.0
6,HP,1297,0,26.3,0.0,-1.2,65,0.0
7,J&K(UT) & Ladakh(UT),2105,526,38.0,15.9,-0.9,27,9.1
8,Chandigarh,262,0,5.0,5.1,0.0,48,0.0
9,Chhattisgarh,3493,0,80.5,28.8,-1.7,508,0.0
10,Gujarat,13087,0,279.5,61.4,1.8,559,0.0
11,MP,8291,0,187.0,97.2,-0.9,724,0.0
12,Maharashtra,18790,0,405.9,136.2,3.6,1310,0.0
13,Goa,452,0,9.4,8.7,0.2,57,0.0
14,DD,243,0,5.3,4.9,0.4,35,0.0
15,DNH,523,0,11.5,11.2,0.3,50,0.0
16,AMNSIL,835,0,17.7,1.4,0.3,248,0.0
17,Andhra Pradesh,9237,0,178.8,53.5,0.4,509,0.0
18,Telangana,8081,0,165.6,89.4,1.4,638,0.0
19,Karnataka,10506,0,196.2,71.8,0.5,879,0.0
20,Kerala,3299,0,67.9,49.8,-0.1,182,0.0
21,Tamil Nadu,13722,0,314.5,129.9,-1.5,489,0.0
22,Puducherry,374,0,7.9,8.1,-0.2,39,0.0
23,Bihar,5703,0,110.9,103.6,1.0,265,0.0
24,DVC,3031,0,61.7,-44.3,-3.2,255,0.0
25,Jharkhand,1396,0,27.7,20.4,-1.5,170,0.0
26,Odisha,3993,0,82.9,4.2,-0.8,345,0.0
27,West Bengal,8183,0,167.1,53.0,1.1,495,0.0
28,Sikkim,89,0,1.3,1.4,-0.1,10,0.0
29,Arunachal Pradesh,102,1,1.7,1.6,0.2,45,0.0
30,Assam,1754,57,32.2,27.1,0.3,161,0.6
31,Manipur,192,0,2.4,2.4,0.1,28,0.0
32,Meghalaya,313,0,5.4,0.0,0.0,78,0.0
33,Mizoram,93,0,1.7,1.2,0.3,16,0.0
34,Nagaland,123,1,2.2,2.3,-0.2,12,0.0
35,Tripura,289,8,4.9,5.5,0.3,89,0.0
