,States,"Max.Demand
Met during the 
day(MW)","Shortage during
maximum 
Demand(MW)","Energy Met
(MU)","Drawal
Schedule
(MU)","OD(+)/UD(-)
(MU)","Max OD
(MW)","Energy
Shortage 
(MU)"
0,Punjab,6080,0,129.2,101.7,-1.3,72,0.0
1,Haryana,6281,0,126.3,113.9,0.9,139,0.0
2,Rajasthan,10463,0,214.8,79.1,-0.9,274,0.0
3,Delhi,4038,0,75.0,63.3,-2.3,45,0.0
4,UP,16776,380,316.6,157.8,0.2,1176,0.4
5,Uttarakhand,1307,0,28.0,10.7,0.6,192,0.0
6,HP,1011,0,19.6,-0.3,0.2,216,0.0
7,J&K(UT) & Ladakh(UT),2185,546,42.9,27.9,-1.1,154,10.1
8,Chandigarh,172,0,3.4,3.3,0.2,22,0.0
9,Chhattisgarh,2953,0,67.9,18.1,-0.9,184,0.0
10,Gujarat,13871,0,302.8,76.3,4.0,745,0.0
11,MP,9038,0,197.3,106.9,-2.5,291,0.0
12,Maharashtra,19637,0,432.1,176.1,-2.7,492,0.0
13,Goa,473,0,10.4,10.2,-0.3,36,0.0
14,DD,184,0,4.0,3.8,0.2,23,0.0
15,DNH,343,0,7.8,7.9,0.0,26,0.0
16,AMNSIL,458,0,1.9,1.9,0.0,126,0.0
17,Andhra Pradesh,9123,0,177.3,108.1,-0.8,536,0.0
18,Telangana,7278,0,147.8,69.6,0.7,335,0.0
19,Karnataka,10437,0,205.6,56.7,0.3,431,0.0
20,Kerala,3523,0,72.7,49.8,-0.2,220,0.0
21,Tamil Nadu,12744,0,292.4,179.5,0.9,741,0.0
22,Puducherry,362,0,7.3,7.6,-0.3,23,0.0
23,Bihar,4620,0,85.7,79.6,0.6,352,0.0
24,DVC,2204,0,46.4,-24.0,0.2,280,0.0
25,Jharkhand,1195,0,22.8,16.4,-0.4,272,0.0
26,Odisha,3822,0,74.7,-10.1,1.0,363,0.0
27,West Bengal,7053,0,130.7,44.3,2.7,445,0.0
28,Sikkim,109,0,1.4,1.4,0.0,43,0.0
29,Arunachal Pradesh,108,0,1.8,1.2,0.4,35,0.0
30,Assam,1534,26,25.0,21.2,0.0,109,0.5
31,Manipur,188,2,2.3,2.4,-0.1,33,0.0
32,Meghalaya,278,0,4.9,2.9,-0.2,47,0.1
33,Mizoram,96,1,1.7,1.4,0.2,11,0.0
34,Nagaland,112,1,2.2,2.1,0.0,23,0.0
35,Tripura,275,2,4.6,3.7,0.0,31,0.0
