,States,"Max.Demand
Met during the 
day(MW)","Shortage during
maximum 
Demand(MW)","Energy Met
(MU)","Drawal
Schedule
(MU)","OD(+)/UD(-)
(MU)","Max OD
(MW)","Energy
Shortage 
(MU)"
0,Punjab,5278,0,110.1,86.2,-2.6,109,0.0
1,Haryana,5851,0,101.3,98.7,-4.3,337,0.0
2,Rajasthan,10471,0,205.2,71.1,-0.4,394,0.0
3,Delhi,4029,0,69.4,53.7,-1.7,166,0.0
4,UP,15591,0,251.6,141.6,-18.7,1011,0.0
5,Uttarakhand,1221,0,21.4,7.6,-2.2,57,0.0
6,HP,841,0,16.5,-1.4,-1.8,126,0.0
7,J&K(UT) & Ladakh(UT),2226,556,36.1,22.2,-1.9,200,8.4
8,Chandigarh,150,0,3.0,3.1,-0.1,40,0.0
9,Chhattisgarh,3027,0,69.2,16.0,-0.5,237,0.0
10,Gujarat,13813,0,299.7,74.1,2.7,729,0.0
11,MP,8847,0,180.1,95.8,-1.3,491,0.0
12,Maharashtra,18795,0,407.7,168.4,-3.3,712,0.0
13,Goa,442,0,9.5,9.3,-0.3,38,0.0
14,DD,164,0,3.7,3.7,0.0,36,0.0
15,DNH,325,0,7.5,7.6,-0.1,28,0.0
16,AMNSIL,555,0,3.6,3.6,0.0,194,0.0
17,Andhra Pradesh,8750,0,175.6,103.4,0.3,458,0.0
18,Telangana,6080,0,139.9,62.5,-0.6,546,0.0
19,Karnataka,9768,0,192.6,57.7,2.4,551,0.0
20,Kerala,3408,0,68.6,46.4,0.8,213,0.0
21,Tamil Nadu,12538,0,289.3,178.5,0.3,337,0.0
22,Puducherry,361,0,7.1,7.4,-0.3,42,0.0
23,Bihar,4975,0,87.5,88.1,-1.1,454,0.0
24,DVC,2167,0,43.7,-24.5,1.4,466,0.0
25,Jharkhand,1085,0,20.5,16.7,-1.5,171,0.0
26,Odisha,3628,0,74.9,-3.0,1.7,402,0.0
27,West Bengal,6830,0,131.3,41.7,5.1,820,0.0
28,Sikkim,83,0,1.1,1.1,-0.1,16,0.0
29,Arunachal Pradesh,104,2,1.8,1.3,0.4,26,0.0
30,Assam,1568,20,26.5,21.9,0.3,129,0.4
31,Manipur,171,2,2.3,2.3,0.0,16,0.0
32,Meghalaya,276,0,4.7,2.9,0.0,63,0.1
33,Mizoram,93,1,1.7,1.2,0.4,23,0.0
34,Nagaland,107,2,2.2,2.1,0.0,29,0.0
35,Tripura,274,2,4.7,4.5,0.2,66,0.0
