,States,"Max.Demand
Met during the 
day(MW)","Shortage during
maximum 
Demand(MW)","Energy Met
(MU)","Drawal
Schedule
(MU)","OD(+)/UD(-)
(MU)","Max OD
(MW)","Energy
Shortage 
(MU)"
0,Punjab,9296,0,207.2,147.4,-2.3,386,0.0
1,Haryana,7311,0,160.1,121.9,-1.2,352,0.0
2,Rajasthan,11540,0,244.7,80.3,0.1,394,0.0
3,Delhi,5180,0,103.8,91.1,-2.5,219,0.0
4,UP,21070,0,432.5,222.6,0.2,365,0.0
5,Uttarakhand,1765,0,40.4,20.5,0.6,98,0.0
6,HP,1307,0,26.0,-1.5,-0.9,82,0.0
7,J&K(UT) & Ladakh(UT),2162,541,40.1,16.8,0.2,88,9.6
8,Chandigarh,259,0,5.3,5.3,-0.1,20,0.0
9,Chhattisgarh,3493,0,80.2,28.0,-3.2,204,0.0
10,Gujarat,13788,0,289.1,64.6,3.1,595,0.0
11,MP,8325,0,189.1,97.0,-0.8,882,0.0
12,Maharashtra,19059,0,407.8,151.4,1.0,619,0.0
13,Goa,452,0,9.4,9.4,-0.4,71,0.0
14,DD,242,0,5.3,5.2,0.1,23,0.0
15,DNH,513,0,11.7,11.7,0.0,27,0.0
16,AMNSIL,822,0,18.2,1.4,0.4,246,0.0
17,Andhra Pradesh,8525,0,167.0,51.5,1.1,958,0.0
18,Telangana,7676,0,151.5,86.0,0.7,720,0.0
19,Karnataka,10333,0,194.6,74.6,3.7,1053,0.0
20,Kerala,3004,0,66.8,48.8,0.0,118,0.0
21,Tamil Nadu,13095,0,310.8,124.7,-1.9,320,0.0
22,Puducherry,374,0,7.9,8.2,-0.3,19,0.0
23,Bihar,5742,0,115.8,108.8,0.3,340,0.0
24,DVC,2859,0,62.8,-37.1,-0.4,350,0.0
25,Jharkhand,1419,0,28.8,20.8,-0.9,180,0.0
26,Odisha,3975,0,83.0,-0.9,1.1,300,0.0
27,West Bengal,8160,0,169.8,51.5,2.0,625,0.0
28,Sikkim,98,0,1.3,1.4,-0.1,10,0.0
29,Arunachal Pradesh,104,0,1.9,1.6,0.3,72,0.0
30,Assam,1798,37,33.5,28.4,0.3,181,0.3
31,Manipur,185,2,2.5,2.3,0.2,28,0.0
32,Meghalaya,312,0,5.5,0.2,0.1,88,0.0
33,Mizoram,96,0,1.8,1.2,0.4,19,0.0
34,Nagaland,126,1,2.3,2.2,0.0,14,0.0
35,Tripura,302,2,4.4,5.2,0.6,108,0.0
