,States,"Max.Demand
Met during the 
day(MW)","Shortage during
maximum 
Demand(MW)","Energy Met
(MU)","Drawal
Schedule
(MU)","OD(+)/UD(-)
(MU)","Max OD
(MW)","Energy
Shortage 
(MU)"
0,Punjab,10281,0,225.4,144.4,-4.7,215,0.0
1,Haryana,7928,0,164.4,119.8,0.4,471,0.0
2,Rajasthan,11005,0,243.2,81.6,2.6,702,0.0
3,Delhi,5514,0,107.4,92.4,-2.5,136,0.0
4,UP,21831,0,435.7,224.7,1.0,1286,0.0
5,Uttarakhand,1795,0,40.3,20.4,0.0,88,0.0
6,HP,1308,0,27.2,-1.7,-0.3,213,0.0
7,J&K(UT) & Ladakh(UT),2106,527,41.7,18.8,-0.2,0,9.9
8,Chandigarh,287,0,5.6,5.6,0.0,22,0.0
9,Chhattisgarh,3427,0,76.9,24.9,-2.3,289,0.0
10,Gujarat,13106,0,281.9,72.8,4.8,617,0.0
11,MP,8361,0,189.5,107.4,-1.7,603,0.0
12,Maharashtra,17853,0,389.4,145.8,0.6,624,0.0
13,Goa,445,0,9.1,9.0,-0.2,79,0.0
14,DD,243,0,5.4,5.2,0.2,30,0.0
15,DNH,533,0,11.7,11.8,-0.1,30,0.0
16,AMNSIL,832,0,18.7,2.0,0.2,316,0.0
17,Andhra Pradesh,6623,0,144.6,37.5,-0.2,601,0.0
18,Telangana,6505,0,138.9,79.8,0.9,807,0.0
19,Karnataka,9025,0,170.8,70.6,-0.1,848,0.0
20,Kerala,3235,0,65.3,46.2,0.6,155,0.0
21,Tamil Nadu,13022,0,294.2,123.9,-2.6,918,0.0
22,Puducherry,350,0,7.6,8.0,-0.4,14,0.0
23,Bihar,5783,0,115.5,109.8,-1.0,385,0.0
24,DVC,2933,0,62.2,-38.1,0.7,319,0.0
25,Jharkhand,1410,0,28.3,20.2,-0.4,199,0.0
26,Odisha,3970,0,83.4,1.3,0.3,357,0.0
27,West Bengal,8099,0,160.4,45.8,-0.5,507,0.0
28,Sikkim,96,0,1.4,1.4,-0.1,16,0.0
29,Arunachal Pradesh,109,1,2.2,1.7,0.5,56,0.0
30,Assam,1796,30,33.1,28.4,-0.3,120,0.0
31,Manipur,187,2,2.5,2.3,0.2,44,0.0
32,Meghalaya,304,0,5.1,0.9,-0.5,31,0.0
33,Mizoram,78,2,1.8,1.3,0.3,26,0.0
34,Nagaland,121,2,2.4,2.1,0.2,18,0.0
35,Tripura,271,1,4.5,5.0,0.3,76,0.0
