,Unnamed: 0,States,"Max.Demand
Met during the 
day(MW)","Shortage during
maximum 
Demand(MW)","Energy Met
(MU)","Drawal
Schedule
(MU)","OD(+)/UD(-)
(MU)","Max OD
(MW)","Energy
Shortage 
(MU)"
0,0,Punjab,5477,0,116.2,88.3,-1.0,112,0.0
1,1,Haryana,5589,0,110.5,107.7,0.8,283,0.0
2,2,Rajasthan,9989,0,204.7,76.2,0.1,406,0.0
3,3,Delhi,3558,0,67.7,52.7,-1.9,0,0.0
4,4,UP,14496,0,217.0,126.7,-4.1,791,0.0
5,5,Uttarakhand,1177,0,23.5,7.3,0.0,125,0.0
6,6,HP,1070,0,20.1,-0.3,0.5,116,0.0
7,7,J&K(UT) & Ladakh(UT),1996,499,40.4,23.2,-1.1,170,9.5
8,8,Chandigarh,156,0,3.2,3.4,-0.3,14,0.0
9,9,Chhattisgarh,3284,0,72.9,16.2,0.6,212,0.0
10,10,Gujarat,14064,0,305.2,82.0,4.3,933,0.0
11,11,MP,8718,0,173.9,86.6,-1.6,328,0.0
12,12,Maharashtra,18559,0,392.5,162.1,0.9,609,0.0
13,13,Goa,497,0,10.6,10.2,-0.2,55,0.0
14,14,DD,188,0,4.0,3.8,0.2,52,0.0
15,15,DNH,351,0,7.8,7.8,0.0,30,0.0
16,16,AMNSIL,606,0,12.8,3.0,1.0,231,0.0
17,17,Andhra Pradesh,9100,0,180.6,109.6,-0.8,458,0.0
18,18,Telangana,6626,0,142.8,52.9,-1.3,406,0.0
19,19,Karnataka,10048,0,199.4,58.2,0.9,581,0.0
20,20,Kerala,3455,0,72.5,49.0,1.0,241,0.0
21,21,Tamil Nadu,13387,0,303.8,189.9,0.6,468,0.0
22,22,Puducherry,372,0,7.7,7.8,-0.1,23,0.0
23,23,Bihar,4634,0,68.2,71.3,-3.7,714,0.0
24,24,DVC,2246,0,44.5,-25.4,1.2,335,0.0
25,25,Jharkhand,1226,0,20.3,17.0,-1.2,133,0.0
26,26,Odisha,3830,0,76.9,4.8,0.6,351,0.0
27,27,West Bengal,7237,0,120.0,39.8,2.5,521,0.0
28,28,Sikkim,103,0,1.3,1.4,-0.1,26,0.0
29,29,Arunachal Pradesh,101,2,1.9,1.3,0.4,29,0.0
30,30,Assam,1562,45,27.1,22.2,0.0,108,1.1
31,31,Manipur,174,1,2.4,2.2,0.1,21,0.0
32,32,Meghalaya,295,0,4.7,3.0,-0.1,57,0.1
33,33,Mizoram,93,2,1.7,1.3,0.3,21,0.0
34,34,Nagaland,116,2,2.3,2.1,0.1,29,0.0
35,35,Tripura,290,0,4.2,5.1,-0.5,58,0.0
