,Unnamed: 0,States,"Max.Demand
Metduringthe
day(MW)","Shortageduring
maximum
Demand(MW)","EnergyMet
(MU)","Drawal
Schedule
(MU)","OD(+)/UD(-)
(MU)","MaxOD
(MW)","Energy
Shortage
(MU)"
0,0,Punjab,5608,0,114.1,84.5,0.4,231,0.0
1,1,Haryana,5728,300,115.6,111.5,2.1,336,0.7
2,2,Rajasthan,9744,0,203.2,75.0,1.8,486,0.0
3,3,Delhi,3747,0,71.8,55.6,-1.0,150,0.0
4,4,UP,15474,680,278.0,156.7,2.7,722,0.1
5,5,Uttarakhand,1279,0,26.8,10.5,0.5,125,0.0
6,6,HP,1098,0,21.0,0.3,1.1,159,0.0
7,7,J&K(UT)&Ladakh(UT),2134,534,42.3,24.6,-0.6,181,10.0
8,8,Chandigarh,153,0,3.3,3.5,-0.2,3,0.0
9,9,Chhattisgarh,3230,0,75.4,19.2,0.2,220,0.0
10,10,Gujarat,14088,0,305.5,106.5,4.4,923,0.0
11,11,MP,8937,0,192.6,109.8,-2.2,504,0.0
12,12,Maharashtra,19518,0,425.7,154.0,2.2,615,0.0
13,13,Goa,469,0,10.1,9.7,-0.2,97,0.0
14,14,DD,192,0,4.2,4.1,0.1,57,0.0
15,15,DNH,348,0,8.0,8.0,-0.0,39,0.0
16,16,AMNSIL,558,0,12.5,3.3,0.5,187,0.0
17,17,AndhraPradesh,8890,0,178.7,109.3,-1.7,274,0.0
18,18,Telangana,6731,0,147.5,55.1,-0.8,527,0.0
19,19,Karnataka,10277,0,208.4,62.8,1.3,612,0.0
20,20,Kerala,3443,0,72.2,49.5,0.2,145,0.0
21,21,TamilNadu,12728,0,296.7,176.0,-1.4,467,0.0
22,22,Puducherry,331,0,7.0,7.2,-0.2,41,0.0
23,23,Bihar,5132,0,91.4,84.8,0.2,385,0.0
24,24,DVC,2263,0,48.0,-27.9,0.1,351,0.0
25,25,Jharkhand,1267,0,22.6,17.3,-0.8,167,0.0
26,26,Odisha,3871,0,80.4,2.6,0.6,208,0.0
27,27,WestBengal,6713,0,138.7,48.5,4.0,559,0.0
28,28,Sikkim,93,0,1.3,1.4,-0.1,23,0.0
29,29,ArunachalPradesh,103,1,1.9,1.7,0.1,24,0.0
30,30,Assam,1507,75,27.5,22.3,0.5,114,0.9
31,31,Manipur,173,2,2.5,2.2,0.3,17,0.0
32,32,Meghalaya,292,3,4.9,3.1,-0.2,30,0.1
33,33,Mizoram,89,1,1.6,1.4,0.1,37,0.0
34,34,Nagaland,141,3,2.1,2.2,-0.2,24,0.0
35,35,Tripura,287,9,4.5,5.4,-0.5,44,0.0
