,States,"Max.Demand
Met during the 
day(MW)","Shortage during
maximum 
Demand(MW)","Energy Met
(MU)","Drawal
Schedule
(MU)","OD(+)/UD(-)
(MU)","Max OD
(MW)","Energy
Shortage 
(MU)"
0,Punjab,10577,0,236.6,144.7,-1.1,281,0.0
1,Haryana,8083,0,173.9,125.5,1.3,544,0.0
2,Rajasthan,11539,69,243.7,93.3,1.5,1214,0.0
3,Delhi,5558,0,113.1,96.7,-2.8,173,0.1
4,UP,22110,0,434.7,229.9,-0.3,1451,0.0
5,Uttarakhand,1870,0,41.3,21.0,0.4,118,0.0
6,HP,1368,0,28.5,-0.3,-0.3,54,0.0
7,J&K(UT) & Ladakh(UT),2193,548,43.9,19.8,1.1,22,10.5
8,Chandigarh,327,0,6.1,5.8,0.4,43,0.0
9,Chhattisgarh,3228,0,73.8,27.2,-4.1,233,0.0
10,Gujarat,14118,0,288.0,71.2,2.7,696,0.0
11,MP,8198,0,187.9,104.8,-1.8,687,0.0
12,Maharashtra,17156,0,374.9,144.6,1.0,773,0.0
13,Goa,399,0,8.6,8.4,-0.2,48,0.0
14,DD,251,0,5.4,5.2,0.2,26,0.0
15,DNH,528,0,11.7,11.8,-0.1,142,0.0
16,AMNSIL,827,0,18.0,3.4,0.3,302,0.0
17,Andhra Pradesh,6365,0,140.7,31.4,-0.8,494,0.0
18,Telangana,6310,0,137.3,75.3,0.5,484,0.0
19,Karnataka,8826,0,165.3,59.1,-1.3,622,0.0
20,Kerala,3186,0,64.3,44.9,0.1,140,0.0
21,Tamil Nadu,13097,0,289.0,126.4,-1.5,943,0.0
22,Puducherry,356,0,7.6,7.9,-0.4,21,0.0
23,Bihar,5569,0,113.0,106.7,0.1,341,0.0
24,DVC,2828,0,61.5,-33.6,0.6,314,0.0
25,Jharkhand,1349,0,24.8,18.3,-2.1,186,0.0
26,Odisha,3935,0,82.1,6.9,0.2,346,0.0
27,West Bengal,7397,0,146.0,40.4,-0.7,456,0.0
28,Sikkim,91,0,1.3,1.4,-0.1,19,0.0
29,Arunachal Pradesh,107,1,2.1,1.6,0.5,23,0.0
30,Assam,1652,2,31.7,26.7,0.2,109,0.0
31,Manipur,164,1,2.5,2.2,0.3,64,0.0
32,Meghalaya,337,0,5.3,1.1,-0.4,51,0.0
33,Mizoram,94,1,1.7,1.4,0.1,19,0.0
34,Nagaland,112,1,2.3,2.1,0.1,25,0.0
35,Tripura,272,2,3.6,4.9,-1.0,49,0.0
