,States,"Max.Demand
Met during the 
day(MW)","Shortage during
maximum 
Demand(MW)","Energy Met
(MU)","Drawal
Schedule
(MU)","OD(+)/UD(-)
(MU)","Max OD
(MW)","Energy
Shortage 
(MU)"
0,Punjab,11000,0,238.7,144.0,-1.1,220,0.0
1,Haryana,8017,0,165.6,123.6,-0.6,388,0.0
2,Rajasthan,10980,0,241.3,86.0,-0.1,622,0.0
3,Delhi,5500,0,103.9,90.3,-4.9,119,0.0
4,UP,21832,0,438.0,227.3,1.5,1258,0.2
5,Uttarakhand,1811,0,40.0,19.5,0.4,204,0.0
6,HP,1361,0,27.7,-1.2,-0.7,75,0.0
7,J&K(UT) & Ladakh(UT),2152,538,42.9,19.9,-0.1,132,10.2
8,Chandigarh,281,0,5.6,5.8,-0.2,33,0.0
9,Chhattisgarh,3325,0,74.3,24.1,-2.2,221,0.0
10,Gujarat,13018,0,273.4,87.4,2.4,567,0.0
11,MP,7939,0,183.2,110.6,-2.1,471,0.0
12,Maharashtra,16598,0,366.4,153.1,-0.7,754,0.0
13,Goa,411,0,8.0,7.9,-0.1,46,0.0
14,DD,244,0,5.4,5.2,0.2,28,0.0
15,DNH,528,0,11.8,11.8,0.0,0,0.0
16,AMNSIL,778,0,17.4,5.5,0.3,336,0.0
17,Andhra Pradesh,7283,0,150.4,30.8,0.4,501,0.0
18,Telangana,6631,0,144.7,77.2,1.5,437,0.0
19,Karnataka,9073,0,169.9,52.1,1.0,567,0.0
20,Kerala,3012,0,62.7,43.6,0.5,234,0.0
21,Tamil Nadu,13551,0,299.3,132.5,1.6,814,0.0
22,Puducherry,363,0,7.7,7.9,-0.2,22,0.0
23,Bihar,5639,0,105.6,100.9,1.1,582,0.0
24,DVC,2833,0,59.9,-34.0,1.1,444,0.0
25,Jharkhand,1259,0,25.1,18.1,-1.7,104,0.0
26,Odisha,3851,0,82.0,10.8,1.3,446,0.0
27,West Bengal,7242,0,146.2,44.9,1.3,470,0.0
28,Sikkim,87,0,1.2,1.3,-0.1,33,0.0
29,Arunachal Pradesh,120,1,2.1,2.2,-0.1,37,0.0
30,Assam,1637,15,32.0,25.9,1.4,141,0.0
31,Manipur,182,2,2.6,2.4,0.3,34,0.0
32,Meghalaya,344,1,5.6,0.4,0.1,50,0.0
33,Mizoram,98,0,1.5,1.3,0.0,33,0.0
34,Nagaland,131,0,2.2,2.2,-0.3,24,0.0
35,Tripura,257,3,3.9,5.3,-0.9,38,0.0
