,States,"Max.Demand
Met during the 
day(MW)","Shortage during
maximum 
Demand(MW)","Energy Met
(MU)","Drawal
Schedule
(MU)","OD(+)/UD(-)
(MU)","Max OD
(MW)","Energy
Shortage 
(MU)"
0,Punjab,5786,0,123.5,93.8,0.4,271,0.0
1,Haryana,5778,70,121.8,116.2,1.5,310,0.4
2,Rajasthan,9603,0,203.5,66.6,0.2,399,0.0
3,Delhi,3702,0,73.1,58.8,-2.1,21,0.0
4,UP,15988,0,312.5,160.8,1.0,1168,0.0
5,Uttarakhand,1411,0,28.6,11.7,0.9,136,0.0
6,HP,1137,0,21.4,0.9,0.5,123,0.0
7,J&K(UT) & Ladakh(UT),2189,547,43.2,24.0,-0.4,180,10.2
8,Chandigarh,158,0,3.4,3.4,0.0,23,0.0
9,Chhattisgarh,3355,0,75.0,21.1,-0.9,229,0.0
10,Gujarat,13926,0,301.9,105.4,2.8,532,0.0
11,MP,8830,0,196.0,114.3,-1.7,491,0.0
12,Maharashtra,19371,0,421.3,158.1,-2.5,442,0.0
13,Goa,475,0,9.9,9.4,0.0,69,0.0
14,DD,197,0,4.3,4.2,0.1,26,0.0
15,DNH,347,0,7.9,8.0,-0.1,41,0.0
16,AMNSIL,567,0,13.2,4.7,0.1,153,0.0
17,Andhra Pradesh,9075,0,180.5,113.8,-0.3,358,0.0
18,Telangana,7071,0,150.8,55.3,0.8,400,0.0
19,Karnataka,10751,0,214.7,67.3,1.9,477,0.0
20,Kerala,3450,0,72.7,49.2,0.7,317,0.0
21,Tamil Nadu,13073,0,296.1,187.3,-0.3,327,0.0
22,Puducherry,359,0,7.2,7.6,-0.4,32,0.0
23,Bihar,5192,0,97.7,89.3,0.0,248,0.0
24,DVC,2350,0,48.7,-30.0,0.2,300,0.0
25,Jharkhand,1291,0,23.5,16.5,-1.7,121,0.0
26,Odisha,3843,0,80.4,2.3,1.2,323,0.0
27,West Bengal,6733,0,140.3,39.8,0.9,273,0.0
28,Sikkim,105,0,1.4,1.4,-0.1,61,0.0
29,Arunachal Pradesh,100,11,2.0,1.8,-0.1,21,0.0
30,Assam,1261,250,21.6,17.3,-1.0,78,2.9
31,Manipur,154,8,2.5,2.3,0.3,15,0.0
32,Meghalaya,272,5,4.7,3.7,-0.3,37,0.1
33,Mizoram,91,5,1.5,1.4,-0.1,13,0.0
34,Nagaland,143,4,2.1,2.2,-0.2,27,0.0
35,Tripura,253,8,4.6,5.2,-0.4,29,0.0
