,States,"Max.Demand
Met during the 
day(MW)","Shortage during
maximum 
Demand(MW)","Energy Met
(MU)","Drawal
Schedule
(MU)","OD(+)/UD(-)
(MU)","Max OD
(MW)","Energy
Shortage 
(MU)"
0,Punjab,5804,0,115.0,89.3,-2.8,243,0.0
1,Haryana,5549,0,113.6,106.1,-0.2,300,0.0
2,Rajasthan,10203,0,215.1,79.7,-0.4,592,0.0
3,Delhi,3648,0,72.2,57.9,-2.0,51,0.1
4,UP,16523,0,322.0,158.8,2.2,1342,0.0
5,Uttarakhand,1348,0,28.9,11.2,0.1,111,0.0
6,HP,1100,0,20.7,1.7,-2.0,218,0.0
7,J&K(UT) & Ladakh(UT),2044,361,38.3,22.3,-3.6,359,9.7
8,Chandigarh,158,0,3.3,3.5,-0.2,11,0.0
9,Chhattisgarh,3406,0,78.7,25.1,-0.8,203,0.0
10,Gujarat,14107,0,303.4,109.5,2.4,624,0.0
11,MP,9110,0,202.0,119.5,-1.6,368,0.0
12,Maharashtra,19540,0,411.2,158.2,-2.4,440,0.0
13,Goa,482,0,9.8,9.9,-0.5,41,0.0
14,DD,181,0,4.0,4.0,0.0,44,0.0
15,DNH,348,0,7.8,7.8,0.0,22,0.0
16,AMNSIL,596,0,13.4,3.3,-0.1,134,0.0
17,Andhra Pradesh,8620,0,174.5,104.4,-0.3,469,0.0
18,Telangana,7253,0,154.9,60.0,-0.1,273,0.0
19,Karnataka,10895,0,214.5,67.9,2.6,655,0.0
20,Kerala,3443,0,73.2,49.0,0.9,187,0.0
21,Tamil Nadu,13350,0,302.7,181.1,0.2,432,0.0
22,Puducherry,369,0,7.3,7.5,-0.2,30,0.0
23,Bihar,5071,0,97.1,88.5,1.0,517,0.0
24,DVC,2270,0,48.7,-27.1,0.7,229,0.0
25,Jharkhand,1186,0,22.3,15.5,-1.6,106,0.0
26,Odisha,3923,0,81.9,4.2,1.3,341,0.0
27,West Bengal,6681,0,143.5,38.3,1.6,447,0.0
28,Sikkim,98,0,1.3,1.4,-0.1,31,0.0
29,Arunachal Pradesh,92,1,2.2,2.4,-0.4,17,0.0
30,Assam,1390,102,21.5,17.6,-0.6,126,1.9
31,Manipur,153,1,2.4,2.3,0.1,21,0.0
32,Meghalaya,303,0,4.7,4.0,-0.3,34,0.1
33,Mizoram,89,1,1.7,1.6,0.0,12,0.0
34,Nagaland,118,1,2.2,2.1,0.0,29,0.0
35,Tripura,278,3,4.1,5.4,-1.2,41,0.0
