,Unnamed: 0,States,"Max.Demand
Met during the 
day(MW)","Shortage during
maximum 
Demand(MW)","Energy Met
(MU)","Drawal
Schedule
(MU)","OD(+)/UD(-)
(MU)","Max OD
(MW)","Energy
Shortage 
(MU)"
0,0,Punjab,11240,0,245.9,145.3,-1.2,208,0.0
1,1,Haryana,7709,0,163.9,124.7,0.6,473,0.0
2,2,Rajasthan,10819,0,237.4,87.6,3.6,578,0.0
3,3,Delhi,5443,0,101.8,87.4,-1.5,282,0.0
4,4,UP,21854,0,426.0,224.4,-0.5,1709,0.0
5,5,Uttarakhand,1690,0,37.3,17.2,-0.3,119,0.0
6,6,HP,1158,0,25.1,-3.8,-1.4,26,0.0
7,7,J&K(UT) & Ladakh(UT),2186,546,42.8,20.4,-0.6,196,10.2
8,8,Chandigarh,283,0,5.2,5.6,-0.4,16,0.0
9,9,Chhattisgarh,3359,0,78.0,24.7,-0.7,236,0.0
10,10,Gujarat,11903,0,263.5,84.0,0.6,529,0.0
11,11,MP,7702,0,172.8,98.1,-1.0,658,0.0
12,12,Maharashtra,15360,0,353.0,149.0,-1.4,637,0.0
13,13,Goa,389,0,8.0,7.8,0.0,56,0.0
14,14,DD,216,0,4.8,4.8,-0.1,12,0.0
15,15,DNH,489,0,11.3,11.5,-0.2,0,0.0
16,16,AMNSIL,797,0,17.7,5.7,0.3,240,0.0
17,17,Andhra Pradesh,7406,0,161.6,40.1,0.5,520,0.0
18,18,Telangana,6947,0,147.9,78.1,2.9,605,0.0
19,19,Karnataka,8230,0,162.4,54.0,-2.9,547,0.0
20,20,Kerala,2837,0,56.9,40.4,0.3,170,0.0
21,21,Tamil Nadu,12887,0,287.3,117.7,-3.6,304,0.0
22,22,Puducherry,362,0,7.3,7.4,-0.1,61,0.0
23,23,Bihar,5356,0,104.5,105.1,-1.1,346,0.0
24,24,DVC,2723,0,58.0,-31.1,0.1,395,0.0
25,25,Jharkhand,1313,0,24.3,18.3,-2.3,156,0.0
26,26,Odisha,3708,0,78.8,14.4,0.5,314,0.0
27,27,West Bengal,6910,0,141.0,44.1,1.2,360,0.0
28,28,Sikkim,71,0,0.9,1.0,-0.1,19,0.0
29,29,Arunachal Pradesh,113,2,2.1,1.8,0.3,32,0.0
30,30,Assam,1610,17,30.4,25.5,0.4,110,0.0
31,31,Manipur,190,2,2.5,2.3,0.2,27,0.0
32,32,Meghalaya,309,1,5.4,0.6,-0.1,33,0.0
33,33,Mizoram,82,0,1.6,1.4,0.0,25,0.0
34,34,Nagaland,125,1,2.2,2.3,-0.3,18,0.0
35,35,Tripura,281,4,4.6,5.2,-0.2,45,0.0
