,States,"Max.Demand
Met during the 
day(MW)","Shortage during
maximum 
Demand(MW)","Energy Met
(MU)","Drawal
Schedule
(MU)","OD(+)/UD(-)
(MU)","Max OD
(MW)","Energy
Shortage 
(MU)"
0,Punjab,4301,0,88.1,70.7,-1.9,18,0.0
1,Haryana,5171,0,88.5,84.7,0.9,153,0.0
2,Rajasthan,8600,0,168.6,49.3,-2.3,398,0.0
3,Delhi,3007,0,60.8,49.6,-0.8,80,0.0
4,UP,16158,0,290.0,127.0,-1.6,551,0.0
5,Uttarakhand,1072,0,21.1,4.8,-0.4,100,0.0
6,HP,742,0,12.8,-1.4,-2.7,18,0.0
7,J&K(UT) & Ladakh(UT),2105,526,43.2,31.2,-0.9,116,10.2
8,Chandigarh,146,0,2.7,2.8,-0.1,4,0.0
9,Chhattisgarh,3281,0,78.9,23.8,-1.4,160,0.0
10,Gujarat,11714,0,263.5,73.5,3.9,600,0.0
11,MP,8952,0,180.8,116.8,-0.7,542,0.0
12,Maharashtra,17546,0,392.2,161.8,0.9,514,0.0
13,Goa,385,0,7.7,7.8,-0.1,37,0.0
14,DD,86,0,1.9,2.0,-0.1,46,0.0
15,DNH,109,0,2.4,2.4,0.0,28,0.0
16,Essar steel,224,0,0.8,0.6,0.2,139,0.0
17,Andhra Pradesh,7862,0,160.9,86.6,-0.4,426,0.0
18,Telangana,7737,0,167.4,74.8,-0.2,355,0.0
19,Karnataka,10877,0,208.4,63.1,0.5,525,0.0
20,Kerala,3712,0,70.8,48.5,0.9,313,0.0
21,Tamil Nadu,10644,0,243.8,171.1,1.5,480,0.0
22,Puducherry,246,0,4.8,5.2,-0.4,58,0.0
23,Bihar,4687,0,91.6,90.0,0.5,190,0.0
24,DVC,1490,0,32.6,-29.6,2.0,230,0.0
25,Jharkhand,1174,0,23.5,18.5,0.4,160,0.0
26,Odisha,3502,0,78.5,10.2,1.0,320,0.0
27,West Bengal,7177,0,151.4,45.3,3.8,485,0.0
28,Sikkim,93,0,1.2,1.5,-0.3,15,0.0
29,Arunachal Pradesh,116,1,1.7,1.2,0.4,33,0.0
30,Assam,1406,18,21.3,19.7,-1.3,125,0.4
31,Manipur,185,2,2.4,2.3,0.1,16,0.0
32,Meghalaya,260,0,4.2,3.5,-0.2,25,0.1
33,Mizoram,98,0,1.7,1.4,0.2,28,0.0
34,Nagaland,121,1,2.2,2.0,0.1,17,0.0
35,Tripura,265,1,4.3,3.7,0.3,40,0.0
