,States,"Max.Demand
Met during the 
day(MW)","Shortage during
maximum 
Demand(MW)","Energy Met
(MU)","Drawal
Schedule
(MU)","OD(+)/UD(-)
(MU)","Max OD
(MW)","Energy
Shortage 
(MU)"
0,Punjab,5835,0,121.2,93.9,-0.9,108,0.0
1,Haryana,6086,0,120.4,113.0,1.2,235,0.0
2,Rajasthan,10403,0,219.7,78.7,-0.3,399,0.0
3,Delhi,3667,0,72.0,57.6,-2.4,10,0.0
4,UP,17731,610,339.7,166.4,3.2,788,1.7
5,Uttarakhand,1372,0,30.1,11.8,0.3,72,0.0
6,HP,1168,0,21.9,1.0,-0.9,93,0.0
7,J&K(UT) & Ladakh(UT),2189,547,43.2,23.4,0.1,360,10.2
8,Chandigarh,164,0,3.4,3.6,-0.2,18,0.0
9,Chhattisgarh,3360,0,79.3,26.2,-0.7,192,0.0
10,Gujarat,14125,0,306.3,99.4,3.4,551,0.0
11,MP,9007,0,202.8,117.2,-0.8,421,0.0
12,Maharashtra,18793,0,405.4,152.5,-0.2,465,0.0
13,Goa,484,0,10.0,9.6,-0.1,47,0.0
14,DD,193,0,4.2,4.2,0.0,34,0.0
15,DNH,334,0,7.5,7.5,0.0,30,0.0
16,AMNSIL,653,0,13.9,2.4,0.1,144,0.0
17,Andhra Pradesh,9071,0,181.9,101.5,1.1,825,0.0
18,Telangana,7403,0,156.8,61.1,0.4,632,0.0
19,Karnataka,10999,0,209.5,71.4,1.0,731,0.0
20,Kerala,3266,0,71.9,48.5,0.4,155,0.0
21,Tamil Nadu,13419,0,303.5,173.8,-1.0,569,0.0
22,Puducherry,360,0,7.6,7.9,-0.2,22,0.0
23,Bihar,5243,0,100.6,92.2,0.5,325,0.0
24,DVC,2389,0,49.7,-26.6,0.8,270,0.0
25,Jharkhand,1399,0,23.2,16.4,-1.5,130,0.0
26,Odisha,3811,0,81.2,8.8,0.3,210,0.0
27,West Bengal,7196,0,145.2,42.8,1.0,405,0.0
28,Sikkim,96,0,1.2,1.5,-0.3,20,0.0
29,Arunachal Pradesh,109,2,2.0,1.6,0.3,42,0.0
30,Assam,1498,52,22.2,18.1,0.0,93,1.2
31,Manipur,186,3,2.3,2.3,0.0,29,0.0
32,Meghalaya,309,0,5.1,3.5,-0.2,37,0.1
33,Mizoram,95,1,1.6,1.5,0.0,15,0.0
34,Nagaland,121,2,2.1,2.0,0.0,17,0.0
35,Tripura,238,0,4.2,4.6,-0.8,24,0.0
