,States,"Max.Demand
Met during the 
day(MW)","Shortage during
maximum 
Demand(MW)","Energy Met
(MU)","Drawal
Schedule
(MU)","OD(+)/UD(-)
(MU)","Max OD
(MW)","Energy
Shortage 
(MU)"
0,Punjab,4101,0,84.5,67.9,0.1,239,0.0
1,Haryana,5302,0,91.5,83.5,0.2,187,0.0
2,Rajasthan,8665,0,170.4,64.9,0.2,400,0.0
3,Delhi,2997,0,62.8,52.2,-1.6,137,0.0
4,UP,16514,0,289.0,119.1,-1.1,732,0.0
5,Uttarakhand,1114,0,22.1,5.0,0.1,143,0.0
6,HP,772,0,13.3,-3.4,-1.1,118,0.0
7,J&K(UT) & Ladakh(UT),2037,509,40.7,28.0,-1.3,257,9.7
8,Chandigarh,154,0,2.9,3.0,0.0,9,0.0
9,Chhattisgarh,3210,0,77.5,22.9,-1.5,207,0.0
10,Gujarat,11823,0,261.7,81.7,0.7,681,0.0
11,MP,8979,0,180.7,114.9,-2.7,421,0.0
12,Maharashtra,17642,0,395.0,157.6,0.5,468,0.0
13,Goa,392,0,7.9,8.1,-0.3,34,0.0
14,DD,102,0,2.2,2.2,0.0,37,0.0
15,DNH,112,0,2.4,2.5,-0.1,28,0.0
16,Essar steel,231,0,1.3,1.3,0.0,119,0.0
17,Andhra Pradesh,8025,0,163.0,92.4,0.5,460,0.0
18,Telangana,7374,0,159.7,64.8,0.2,519,0.0
19,Karnataka,10997,0,217.0,63.3,1.8,594,0.0
20,Kerala,3588,0,70.6,50.1,1.7,228,0.0
21,Tamil Nadu,10738,0,248.2,170.4,0.9,418,0.0
22,Puducherry,255,0,4.9,4.9,0.0,49,0.0
23,Bihar,4376,0,70.3,73.0,-3.7,236,0.0
24,DVC,1510,0,31.0,-26.3,0.7,260,0.0
25,Jharkhand,1174,0,21.8,16.2,-0.3,194,0.0
26,Odisha,3477,0,77.8,7.6,0.6,482,0.0
27,West Bengal,7043,0,137.6,37.8,0.5,372,0.0
28,Sikkim,102,0,1.3,1.5,-0.2,11,0.0
29,Arunachal Pradesh,55,23,1.2,1.1,0.1,57,0.5
30,Assam,977,21,16.4,14.1,-0.4,134,4.0
31,Manipur,121,2,1.9,1.9,-0.1,26,0.2
32,Meghalaya,217,0,3.6,3.5,-0.3,52,0.1
33,Mizoram,66,8,1.3,1.3,-0.1,43,0.3
34,Nagaland,85,1,1.7,1.9,-0.2,16,0.1
35,Tripura,197,3,3.4,3.4,-0.5,37,0.0
