,States,"Max.Demand
Met during the 
day(MW)","Shortage during
maximum 
Demand(MW)","Energy Met
(MU)","Drawal
Schedule
(MU)","OD(+)/UD(-)
(MU)","Max OD
(MW)","Energy
Shortage 
(MU)"
0,Punjab,11898,0,264.4,147.7,-1.3,179,0.0
1,Haryana,8171,0,183.7,129.5,1.6,438,0.0
2,Rajasthan,11632,0,251.1,91.2,1.7,594,0.0
3,Delhi,5686,0,111.7,92.1,-2.5,183,0.1
4,UP,21480,0,432.1,225.3,0.7,820,0.0
5,Uttarakhand,1743,0,38.9,19.0,-0.4,101,0.0
6,HP,1293,0,26.4,-3.1,-0.7,35,0.0
7,J&K(UT) & Ladakh(UT),2236,559,44.6,19.9,1.6,164,10.6
8,Chandigarh,322,0,6.3,6.1,0.2,42,0.0
9,Chhattisgarh,3315,0,75.7,22.9,-1.8,202,0.0
10,Gujarat,13127,0,274.0,82.1,-0.3,532,0.0
11,MP,7702,0,172.8,96.0,-0.7,460,0.0
12,Maharashtra,16593,0,364.1,145.7,0.2,500,0.0
13,Goa,503,0,9.7,9.5,-0.1,94,0.1
14,DD,246,0,5.2,5.1,0.1,18,0.0
15,DNH,529,0,11.9,11.8,0.1,22,0.0
16,AMNSIL,817,0,17.8,6.2,-0.1,197,0.0
17,Andhra Pradesh,8170,0,173.0,41.7,2.1,723,0.0
18,Telangana,7495,0,154.7,86.0,0.9,550,0.0
19,Karnataka,9265,0,175.8,52.1,0.0,584,0.0
20,Kerala,3239,0,65.2,46.0,0.0,162,0.0
21,Tamil Nadu,13991,0,314.2,125.9,-1.6,379,0.0
22,Puducherry,386,0,8.1,8.3,-0.2,44,0.0
23,Bihar,5153,0,97.2,94.3,-2.6,379,0.0
24,DVC,2811,0,59.7,-31.8,0.4,278,0.0
25,Jharkhand,1222,0,23.6,17.8,-2.5,200,0.0
26,Odisha,3806,0,78.5,13.1,0.0,286,0.0
27,West Bengal,7347,0,147.9,46.1,1.4,487,0.0
28,Sikkim,94,0,1.3,1.4,-0.1,31,0.0
29,Arunachal Pradesh,116,1,2.1,1.7,0.5,20,0.0
30,Assam,1781,0,31.6,27.2,0.0,106,0.0
31,Manipur,186,2,2.6,2.3,0.3,27,0.0
32,Meghalaya,298,0,5.4,0.2,0.0,52,0.0
33,Mizoram,91,1,1.6,1.3,0.2,15,0.0
34,Nagaland,132,2,2.1,2.2,-0.3,14,0.0
35,Tripura,278,2,5.0,5.7,0.1,56,0.0
