,Unnamed: 0,States,"Max.Demand
Met during the 
day(MW)","Shortage during
maximum 
Demand(MW)","Energy Met
(MU)","Drawal
Schedule
(MU)","OD(+)/UD(-)
(MU)","Max OD
(MW)","Energy
Shortage 
(MU)"
0,0,Punjab,12305,0,273.0,149.7,-1.1,254,0.0
1,1,Haryana,8538,0,191.6,134.3,1.6,455,0.0
2,2,Rajasthan,11820,0,262.8,88.7,1.7,1070,0.0
3,3,Delhi,5860,0,116.7,95.8,-1.0,199,0.0
4,4,UP,21537,0,424.5,215.6,-0.2,871,0.0
5,5,Uttarakhand,1855,0,40.6,20.2,0.3,133,0.0
6,6,HP,1324,0,27.4,-2.0,0.3,216,0.0
7,7,J&K(UT) & Ladakh(UT),2208,552,44.6,20.0,1.5,294,10.6
8,8,Chandigarh,328,0,6.4,6.4,0.1,23,0.0
9,9,Chhattisgarh,3155,0,73.7,19.0,-1.1,188,0.0
10,10,Gujarat,13859,0,295.2,92.3,1.6,571,0.0
11,11,MP,7602,0,174.0,95.1,-1.6,478,0.0
12,12,Maharashtra,16511,0,362.4,144.3,1.0,447,0.0
13,13,Goa,453,0,9.7,9.7,-0.4,31,0.0
14,14,DD,246,0,5.4,5.2,0.1,24,0.0
15,15,DNH,536,0,12.2,12.0,0.1,20,0.0
16,16,AMNSIL,874,0,18.8,7.0,0.1,296,0.0
17,17,Andhra Pradesh,7980,0,169.8,42.1,-0.1,458,0.0
18,18,Telangana,7076,0,146.2,84.6,1.6,589,0.0
19,19,Karnataka,9515,0,178.9,59.5,-0.7,634,0.0
20,20,Kerala,3175,0,66.1,46.7,0.4,180,0.0
21,21,Tamil Nadu,14546,0,321.2,129.0,-2.7,633,0.0
22,22,Puducherry,401,0,8.4,8.5,-0.2,54,0.0
23,23,Bihar,5018,0,91.8,88.0,-1.1,200,0.0
24,24,DVC,2664,0,58.5,-27.7,-0.4,349,0.0
25,25,Jharkhand,1270,0,24.4,20.0,-1.8,120,0.0
26,26,Odisha,3769,0,78.4,11.0,-0.7,395,0.0
27,27,West Bengal,7374,0,151.2,50.6,0.0,325,0.0
28,28,Sikkim,95,0,1.4,1.5,-0.2,25,0.0
29,29,Arunachal Pradesh,117,1,2.1,1.9,0.2,42,0.0
30,30,Assam,1793,0,33.2,27.5,1.1,114,0.0
31,31,Manipur,189,2,2.9,2.4,0.5,21,0.0
32,32,Meghalaya,298,0,5.4,0.5,0.1,72,0.0
33,33,Mizoram,92,1,1.7,1.3,0.1,26,0.0
34,34,Nagaland,128,1,1.9,2.2,-0.6,7,0.0
35,35,Tripura,280,2,4.9,5.7,-0.1,31,0.0
