,States,"Max.Demand
Met during the 
day(MW)","Shortage during
maximum 
Demand(MW)","Energy Met
(MU)","Drawal
Schedule
(MU)","OD(+)/UD(-)
(MU)","Max OD
(MW)","Energy
Shortage 
(MU)"
0,Punjab,4540,0,85.4,69.0,-1.5,137,0.0
1,Haryana,5387,0,91.8,84.4,0.1,215,0.0
2,Rajasthan,8760,0,169.7,64.9,-3.1,242,0.0
3,Delhi,3160,0,63.0,53.5,-1.6,80,0.0
4,UP,16785,0,293.3,121.5,-0.8,960,0.0
5,Uttarakhand,1194,0,22.5,5.3,0.6,147,0.0
6,HP,779,0,14.0,-3.4,-0.1,76,0.0
7,J&K(UT) & Ladakh(UT),2040,510,42.9,27.8,-0.9,176,10.3
8,Chandigarh,150,0,3.0,3.0,0.0,19,0.0
9,Chhattisgarh,3346,0,78.3,23.3,-1.2,186,0.0
10,Gujarat,11754,0,264.5,79.8,-1.6,656,0.0
11,MP,8782,0,182.2,101.7,-1.7,807,0.0
12,Maharashtra,18049,0,402.2,158.8,0.5,419,0.0
13,Goa,393,0,8.2,8.1,0.0,47,0.0
14,DD,120,0,2.3,2.4,-0.1,12,0.0
15,DNH,115,0,2.5,2.5,0.0,34,0.0
16,AMNSIL,236,0,1.6,1.3,0.3,131,0.0
17,Andhra Pradesh,8204,0,165.0,99.4,0.6,386,0.0
18,Telangana,7458,0,157.8,63.6,-0.1,399,0.0
19,Karnataka,11337,0,219.8,64.3,0.8,455,0.0
20,Kerala,3523,0,69.5,46.7,1.0,214,0.0
21,Tamil Nadu,11051,0,252.5,172.9,0.4,370,0.0
22,Puducherry,261,0,5.1,5.2,-0.1,60,0.0
23,Bihar,4553,0,82.7,80.7,1.1,374,0.0
24,DVC,1498,0,31.0,-26.2,0.2,361,0.0
25,Jharkhand,1277,0,23.5,16.0,-1.2,143,0.0
26,Odisha,3698,0,76.2,5.1,0.5,278,0.0
27,West Bengal,6181,0,127.2,30.4,0.9,470,0.0
28,Sikkim,91,0,1.2,1.6,-0.4,5,0.0
29,Arunachal Pradesh,71,1,1.3,1.0,0.2,30,0.3
30,Assam,1210,62,15.9,13.2,-0.1,119,4.5
31,Manipur,158,2,1.8,1.9,-0.1,21,0.2
32,Meghalaya,260,0,3.7,3.0,-0.2,28,0.1
33,Mizoram,84,1,1.6,1.3,0.2,14,0.3
34,Nagaland,117,1,1.9,1.6,0.3,12,0.1
35,Tripura,255,5,3.2,3.0,-0.4,27,0.0
