,States,"Max.Demand
Met during the 
day(MW)","Shortage during
maximum 
Demand(MW)","Energy Met
(MU)","Drawal
Schedule
(MU)","OD(+)/UD(-)
(MU)","Max OD
(MW)","Energy
Shortage 
(MU)"
0,Punjab,6114,0,129.8,100.3,-0.1,156,0.0
1,Haryana,6305,0,128.5,118.2,0.8,294,0.0
2,Rajasthan,10525,0,225.2,84.4,1.1,320,0.0
3,Delhi,3848,0,73.3,59.1,-2.7,0,0.0
4,UP,18278,310,350.6,178.7,1.0,1124,1.6
5,Uttarakhand,1462,0,30.5,12.6,0.7,166,0.0
6,HP,1160,0,22.4,0.2,0.7,156,0.0
7,J&K(UT) & Ladakh(UT),2132,533,43.8,21.1,-0.2,362,10.3
8,Chandigarh,166,0,3.5,3.5,0.0,25,0.0
9,Chhattisgarh,3314,0,76.5,24.4,-1.2,159,0.0
10,Gujarat,14247,0,306.5,94.9,2.7,514,0.0
11,MP,9105,0,205.5,121.8,-1.0,376,0.0
12,Maharashtra,18534,0,405.1,145.9,-0.2,685,0.0
13,Goa,460,0,8.9,8.7,-0.2,119,0.0
14,DD,196,0,4.3,4.2,0.1,25,0.0
15,DNH,339,0,7.6,7.5,0.1,29,0.0
16,AMNSIL,769,0,16.2,3.2,1.0,266,0.0
17,Andhra Pradesh,9506,0,185.5,101.5,1.2,748,0.0
18,Telangana,7258,0,152.8,61.0,-0.2,417,0.0
19,Karnataka,10423,0,204.1,65.0,0.7,574,0.0
20,Kerala,3570,0,71.2,46.4,0.7,227,0.0
21,Tamil Nadu,13159,0,296.5,162.0,0.9,566,0.0
22,Puducherry,348,0,7.4,7.6,-0.2,38,0.0
23,Bihar,5086,0,101.9,95.6,-0.8,265,0.0
24,DVC,2423,0,53.0,-29.0,0.1,220,0.0
25,Jharkhand,1339,0,25.9,18.4,-1.5,115,0.0
26,Odisha,3812,0,81.3,7.8,0.3,190,0.0
27,West Bengal,7045,0,151.7,43.6,1.6,330,0.0
28,Sikkim,75,0,0.9,1.3,-0.4,15,0.0
29,Arunachal Pradesh,106,0,1.9,1.7,0.1,31,0.0
30,Assam,1353,127,22.1,17.1,-0.4,125,1.5
31,Manipur,181,2,2.2,2.3,-0.1,31,0.0
32,Meghalaya,323,0,5.1,3.1,-0.3,63,0.1
33,Mizoram,98,1,1.5,1.5,-0.1,17,0.0
34,Nagaland,118,3,2.4,2.2,0.1,13,0.0
35,Tripura,259,2,4.2,4.9,-0.3,36,0.0
