,Unnamed: 0,States,"Max.Demand
Met during the 
day(MW)","Shortage during
maximum 
Demand(MW)","Energy Met
(MU)","Drawal
Schedule
(MU)","OD(+)/UD(-)
(MU)","Max OD
(MW)","Energy
Shortage 
(MU)"
0,0,Punjab,4346,0,83.3,66.5,-3.2,61,0.0
1,1,Haryana,4923,0,89.2,82.4,-0.4,258,0.0
2,2,Rajasthan,8509,0,169.2,48.1,-5.0,433,0.0
3,3,Delhi,3114,0,65.2,53.3,-0.3,92,0.0
4,4,UP,15817,0,290.0,124.8,-2.8,984,0.0
5,5,Uttarakhand,1163,0,22.9,5.9,1.0,116,0.0
6,6,HP,826,0,14.1,-2.4,0.1,301,0.0
7,7,J&K(UT) & Ladakh(UT),1841,460,39.7,28.2,-3.5,139,9.3
8,8,Chandigarh,143,0,2.9,2.9,0.0,38,0.0
9,9,Chhattisgarh,3473,0,83.4,23.0,2.3,179,0.0
10,10,Gujarat,12051,0,269.0,71.0,3.7,553,0.0
11,11,MP,8958,0,188.7,110.5,-1.7,345,0.0
12,12,Maharashtra,18077,0,401.9,153.2,1.0,621,0.0
13,13,Goa,399,0,8.1,8.0,0.0,61,0.0
14,14,DD,108,0,2.4,2.3,0.1,19,0.0
15,15,DNH,120,0,2.6,2.6,0.0,47,0.0
16,16,AMNSIL,223,0,1.0,0.8,0.2,134,0.0
17,17,Andhra Pradesh,8400,0,166.6,102.0,0.3,445,0.0
18,18,Telangana,7497,0,157.7,64.7,0.3,392,0.0
19,19,Karnataka,11398,0,219.0,58.0,1.1,584,0.0
20,20,Kerala,3658,240,71.0,45.5,1.1,237,0.7
21,21,Tamil Nadu,11291,0,254.9,175.7,0.3,394,0.0
22,22,Puducherry,273,0,5.2,5.3,-0.1,20,0.0
23,23,Bihar,4530,0,82.9,82.4,-0.4,620,0.0
24,24,DVC,1495,0,30.8,-26.2,0.3,352,0.0
25,25,Jharkhand,1238,0,24.6,15.4,0.5,158,0.0
26,26,Odisha,3667,0,77.9,10.0,0.0,324,0.0
27,27,West Bengal,6261,0,130.9,32.7,0.7,430,0.0
28,28,Sikkim,92,0,1.2,1.5,-0.3,13,0.0
29,29,Arunachal Pradesh,72,2,1.4,1.2,0.1,25,0.1
30,30,Assam,1150,130,15.2,12.4,-0.2,89,5.0
31,31,Manipur,168,3,1.9,1.9,0.0,33,0.2
32,32,Meghalaya,267,0,3.6,2.9,-0.2,28,0.1
33,33,Mizoram,85,1,1.6,1.3,0.3,17,0.1
34,34,Nagaland,116,2,2.0,1.8,0.1,9,0.1
35,35,Tripura,227,1,3.2,3.3,-0.8,69,0.0
