,Unnamed: 0,States,"Max.Demand
Met during the 
day(MW)","Shortage during
maximum 
Demand(MW)","Energy Met
(MU)","Drawal
Schedule
(MU)","OD(+)/UD(-)
(MU)","Max OD
(MW)","Energy
Shortage 
(MU)"
0,0,Punjab,12253,0,278.0,150.9,-2.3,112,0.0
1,1,Haryana,9036,0,199.2,140.3,0.8,297,0.0
2,2,Rajasthan,12496,0,270.4,83.2,-1.3,515,0.0
3,3,Delhi,5981,0,120.2,98.2,0.0,407,0.0
4,4,UP,21565,0,424.3,208.6,0.3,478,0.0
5,5,Uttarakhand,1808,0,40.0,19.8,0.3,83,0.0
6,6,HP,1405,0,27.9,-1.2,-0.3,43,0.0
7,7,J&K(UT) & Ladakh(UT),2199,550,45.6,21.2,1.4,67,10.9
8,8,Chandigarh,347,0,6.7,6.6,0.1,38,0.0
9,9,Chhattisgarh,3187,0,72.6,22.6,-0.6,349,0.0
10,10,Gujarat,13753,0,293.0,90.0,2.1,476,0.0
11,11,MP,7515,0,170.8,88.3,-3.0,391,0.0
12,12,Maharashtra,16103,0,356.0,143.2,-0.2,570,0.0
13,13,Goa,405,0,8.3,8.1,-0.2,74,0.0
14,14,DD,245,0,5.3,5.2,0.1,22,0.0
15,15,DNH,534,0,12.1,12.1,0.0,8,0.0
16,16,AMNSIL,880,0,18.0,7.0,-0.2,247,0.0
17,17,Andhra Pradesh,7762,0,165.0,43.3,-1.9,470,0.0
18,18,Telangana,6808,0,142.5,85.4,0.8,578,0.0
19,19,Karnataka,9136,0,174.3,52.3,-1.0,594,0.0
20,20,Kerala,2993,0,65.7,46.2,0.1,141,0.0
21,21,Tamil Nadu,14814,0,326.3,132.7,-2.9,496,0.0
22,22,Puducherry,397,0,8.4,8.7,-0.3,18,0.0
23,23,Bihar,5129,0,99.0,94.7,-1.4,285,0.0
24,24,DVC,2910,0,60.1,-28.8,0.2,350,0.0
25,25,Jharkhand,1309,0,24.2,21.0,-1.7,110,0.0
26,26,Odisha,3840,0,78.7,8.7,-0.5,324,0.0
27,27,West Bengal,7152,0,149.5,46.9,1.3,357,0.0
28,28,Sikkim,96,0,1.4,1.5,-0.1,15,0.0
29,29,Arunachal Pradesh,103,0,2.1,1.7,0.4,24,0.0
30,30,Assam,1667,137,32.7,27.1,0.5,104,2.6
31,31,Manipur,175,3,2.4,2.4,0.1,14,0.0
32,32,Meghalaya,286,0,5.2,0.7,0.0,57,0.0
33,33,Mizoram,96,0,1.6,1.2,0.2,13,0.0
34,34,Nagaland,112,0,2.3,2.2,-0.2,12,0.0
35,35,Tripura,278,3,4.2,5.4,-0.6,39,0.0
