,States,"Max.Demand
Met during the 
day(MW)","Shortage during
maximum 
Demand(MW)","Energy Met
(MU)","Drawal
Schedule
(MU)","OD(+)/UD(-)
(MU)","Max OD
(MW)","Energy
Shortage 
(MU)"
0,Punjab,6716,0,135.7,107.1,-1.0,76,0.0
1,Haryana,6287,0,128.2,116.6,0.6,263,0.0
2,Rajasthan,10743,0,220.8,78.5,-0.1,582,0.0
3,Delhi,3968,0,75.7,59.8,-2.1,49,0.3
4,UP,18964,0,361.1,181.2,2.8,797,0.0
5,Uttarakhand,1339,0,28.0,12.2,0.0,132,0.0
6,HP,1031,0,20.6,-0.3,-0.7,108,0.0
7,J&K(UT) & Ladakh(UT),2192,548,43.0,23.4,0.1,213,10.2
8,Chandigarh,172,0,3.4,3.6,-0.1,18,0.0
9,Chhattisgarh,3377,0,75.7,24.2,-0.6,254,0.0
10,Gujarat,13469,0,299.7,84.6,3.6,524,0.0
11,MP,9109,0,204.5,118.5,-2.1,412,0.0
12,Maharashtra,18308,0,404.9,138.6,-0.5,452,0.0
13,Goa,465,0,9.1,9.0,-0.3,54,0.1
14,DD,174,0,3.8,3.7,0.1,0,0.0
15,DNH,316,0,7.3,7.4,-0.1,21,0.0
16,AMNSIL,753,0,16.3,4.2,0.5,292,0.0
17,Andhra Pradesh,9055,0,177.6,98.3,1.8,837,0.0
18,Telangana,6587,0,144.2,57.1,-0.5,417,0.0
19,Karnataka,9845,0,192.5,59.3,1.6,636,0.0
20,Kerala,2860,0,63.7,43.5,0.1,163,0.0
21,Tamil Nadu,11886,0,277.3,139.7,-0.6,679,0.0
22,Puducherry,335,0,6.8,7.1,-0.3,22,0.0
23,Bihar,5265,0,101.6,95.4,-2.1,173,0.0
24,DVC,2437,0,51.4,-28.3,0.8,265,0.0
25,Jharkhand,1369,0,26.3,18.7,-0.8,165,0.0
26,Odisha,3850,0,81.3,8.1,0.9,271,0.0
27,West Bengal,7730,0,149.0,36.7,1.6,403,0.0
28,Sikkim,83,0,0.9,1.4,-0.5,14,0.0
29,Arunachal Pradesh,110,1,1.9,1.9,-0.1,43,0.0
30,Assam,1469,19,21.5,16.8,0.0,113,2.0
31,Manipur,181,2,2.4,2.4,0.0,31,0.0
32,Meghalaya,279,0,4.8,3.9,-0.3,20,0.1
33,Mizoram,98,0,1.5,1.5,-0.2,28,0.0
34,Nagaland,118,0,2.2,2.1,0.0,8,0.0
35,Tripura,274,3,4.6,5.7,-0.2,59,0.0
