,Unnamed: 0,States,"Max.Demand
Met during the 
day(MW)","Shortage during
maximum 
Demand(MW)","Energy Met
(MU)","Drawal
Schedule
(MU)","OD(+)/UD(-)
(MU)","Max OD
(MW)","Energy
Shortage 
(MU)"
0,0,Punjab,6982,0,142.3,113.1,-0.5,110,0.0
1,1,Haryana,6628,0,135.5,120.7,2.1,309,0.0
2,2,Rajasthan,10637,0,225.6,81.8,1.3,418,0.0
3,3,Delhi,4079,0,78.7,64.3,-2.1,47,0.0
4,4,UP,18274,440,367.1,184.3,0.5,775,1.2
5,5,Uttarakhand,1428,0,30.6,13.0,0.2,65,0.0
6,6,HP,1172,0,22.4,0.3,1.2,191,0.0
7,7,J&K(UT) & Ladakh(UT),2189,547,43.3,22.5,1.3,286,10.3
8,8,Chandigarh,182,0,3.8,3.8,0.1,17,0.0
9,9,Chhattisgarh,3291,0,76.3,24.7,-1.2,250,0.0
10,10,Gujarat,14322,0,303.5,83.6,5.2,1023,0.0
11,11,MP,9259,0,205.3,116.3,-1.7,346,0.0
12,12,Maharashtra,19178,0,418.3,137.6,0.7,508,0.0
13,13,Goa,466,0,10.3,9.8,0.0,56,0.0
14,14,DD,196,0,4.2,4.0,0.2,29,0.0
15,15,DNH,324,0,7.4,7.3,0.1,31,0.0
16,16,AMNSIL,687,0,14.9,2.5,0.8,265,0.0
17,17,Andhra Pradesh,8618,0,174.1,82.3,-1.3,555,0.0
18,18,Telangana,7266,0,149.5,55.2,0.3,463,0.0
19,19,Karnataka,8992,0,169.2,49.4,-1.7,495,0.0
20,20,Kerala,3040,0,63.3,43.5,-0.1,170,0.0
21,21,Tamil Nadu,12418,0,270.5,134.4,-4.1,604,0.0
22,22,Puducherry,331,0,7.0,7.2,-0.2,63,0.0
23,23,Bihar,5378,0,105.9,98.8,-1.3,255,0.0
24,24,DVC,2465,0,52.9,-29.5,0.7,349,0.0
25,25,Jharkhand,1470,0,26.9,19.8,-0.3,336,0.0
26,26,Odisha,4027,0,83.4,10.8,0.6,289,0.0
27,27,West Bengal,7915,0,157.7,40.9,2.3,359,0.0
28,28,Sikkim,94,0,1.3,1.6,-0.3,14,0.0
29,29,Arunachal Pradesh,105,3,1.9,1.7,0.1,61,0.0
30,30,Assam,1645,10,27.6,21.9,0.8,151,0.5
31,31,Manipur,190,1,2.6,2.3,0.3,42,0.0
32,32,Meghalaya,292,0,5.0,3.4,-0.2,40,0.1
33,33,Mizoram,90,2,1.5,1.5,-0.2,12,0.0
34,34,Nagaland,128,2,2.1,2.1,-0.1,11,0.0
35,35,Tripura,302,4,5.5,5.5,0.6,77,0.0
