,States,"Max.Demand
Met during the 
day(MW)","Shortage during
maximum 
Demand(MW)","Energy Met
(MU)","Drawal
Schedule
(MU)","OD(+)/UD(-)
(MU)","Max OD
(MW)","Energy
Shortage 
(MU)"
0,Punjab,12403,0,282.1,150.6,-1.7,155,0.0
1,Haryana,9309,0,207.5,144.2,-0.3,326,0.0
2,Rajasthan,12479,0,278.2,79.9,0.0,492,0.0
3,Delhi,6028,0,120.5,99.0,-0.7,324,0.0
4,UP,21702,0,427.3,215.1,1.4,1282,0.0
5,Uttarakhand,1865,0,41.6,20.3,1.3,227,0.0
6,HP,1375,0,28.4,-1.0,-0.2,50,0.0
7,J&K(UT) & Ladakh(UT),2157,539,45.5,20.9,1.5,72,10.8
8,Chandigarh,358,0,6.9,6.8,0.1,28,0.0
9,Chhattisgarh,3329,0,76.1,27.4,-1.6,201,0.0
10,Gujarat,14394,0,304.4,100.8,0.6,710,0.0
11,MP,7529,0,171.7,92.1,-1.6,764,0.0
12,Maharashtra,16087,0,353.9,134.0,-1.8,398,0.0
13,Goa,417,0,8.5,8.3,-0.2,49,0.0
14,DD,234,0,5.0,5.0,0.0,15,0.0
15,DNH,548,0,12.3,12.2,0.1,139,0.0
16,AMNSIL,815,0,17.8,6.3,0.0,239,0.0
17,Andhra Pradesh,7821,0,166.1,42.2,0.6,495,0.0
18,Telangana,6923,0,143.0,82.0,0.6,573,0.0
19,Karnataka,9175,0,176.4,55.0,-0.3,486,0.0
20,Kerala,3170,0,64.5,45.2,0.4,192,0.0
21,Tamil Nadu,14395,0,322.8,137.9,-2.2,553,0.0
22,Puducherry,399,0,8.3,8.5,-0.2,31,0.0
23,Bihar,5070,0,98.3,92.5,0.5,657,0.0
24,DVC,3250,0,60.0,-30.5,0.7,529,0.0
25,Jharkhand,1447,0,23.8,19.7,-0.8,226,0.0
26,Odisha,3936,0,82.2,4.1,0.7,348,0.0
27,West Bengal,7437,0,150.0,45.8,1.6,476,0.0
28,Sikkim,94,0,1.1,1.2,-0.2,34,0.0
29,Arunachal Pradesh,106,0,2.0,1.9,0.1,29,0.0
30,Assam,1642,187,29.2,24.6,0.1,126,6.0
31,Manipur,179,1,2.5,2.5,0.1,21,0.0
32,Meghalaya,302,0,5.3,0.7,-0.2,66,0.0
33,Mizoram,93,0,1.7,1.3,0.1,20,0.0
34,Nagaland,123,0,2.3,2.2,-0.2,18,0.0
35,Tripura,276,3,3.8,4.8,-0.9,29,0.0
