,States,"Max.Demand
Met during the 
day(MW)","Shortage during
maximum 
Demand(MW)","Energy Met
(MU)","Drawal
Schedule
(MU)","OD(+)/UD(-)
(MU)","Max OD
(MW)","Energy
Shortage 
(MU)"
0,Punjab,4041,0,67.8,53.5,-4.1,0,0.0
1,Haryana,4838,0,83.5,75.9,1.0,0,0.0
2,Rajasthan,8542,0,170.4,59.6,-1.4,0,0.0
3,Delhi,3082,0,62.1,51.6,-1.0,0,0.0
4,UP,15784,0,280.4,117.5,1.3,0,0.0
5,Uttarakhand,1110,0,21.6,6.7,-0.9,0,0.0
6,HP,724,0,11.8,-4.1,-0.3,0,0.0
7,J&K(UT) & Ladakh(UT),2167,542,42.4,28.3,-0.1,0,10.1
8,Chandigarh,125,0,2.6,3.0,-0.4,0,0.0
9,Chhattisgarh,3357,0,79.5,22.6,-1.6,126,0.0
10,Gujarat,11765,0,263.7,74.1,2.4,474,0.0
11,MP,8574,0,182.1,105.8,-1.9,336,0.0
12,Maharashtra,18229,0,400.2,154.8,0.7,606,0.0
13,Goa,395,0,8.1,8.1,0.0,46,0.0
14,DD,109,0,2.5,2.6,-0.1,12,0.0
15,DNH,122,0,2.7,2.7,0.0,33,0.0
16,AMNSIL,258,0,1.3,1.1,0.2,142,0.0
17,Andhra Pradesh,8332,0,171.0,102.2,0.7,562,0.0
18,Telangana,7274,0,152.7,60.3,-0.3,288,0.0
19,Karnataka,10635,0,204.4,56.5,0.6,605,0.0
20,Kerala,3645,60,72.1,48.9,1.5,191,0.3
21,Tamil Nadu,11332,0,259.0,179.1,0.9,314,0.0
22,Puducherry,278,0,5.5,5.7,-0.3,25,0.0
23,Bihar,4828,0,81.0,79.6,0.8,453,0.0
24,DVC,1550,0,31.0,-24.6,0.0,320,0.0
25,Jharkhand,1300,0,24.4,15.9,-0.1,137,0.0
26,Odisha,3561,0,69.4,3.7,-1.5,310,0.0
27,West Bengal,6348,0,125.8,34.1,-1.4,420,0.0
28,Sikkim,90,0,1.1,1.5,-0.4,27,0.0
29,Arunachal Pradesh,91,4,1.4,1.0,0.4,27,0.0
30,Assam,1051,104,14.9,12.3,-0.5,124,2.1
31,Manipur,147,6,2.0,2.1,-0.1,37,0.0
32,Meghalaya,250,0,3.8,3.0,-0.1,32,0.1
33,Mizoram,70,23,1.3,1.3,-0.2,15,0.0
34,Nagaland,104,4,2.0,1.7,0.1,9,0.0
35,Tripura,218,70,2.4,3.3,-1.6,48,0.1
