,States,"Max.Demand
Met during the 
day(MW)","Shortage during
maximum 
Demand(MW)","Energy Met
(MU)","Drawal
Schedule
(MU)","OD(+)/UD(-)
(MU)","Max OD
(MW)","Energy
Shortage 
(MU)"
0,Punjab,6777,0,143.6,113.7,0.4,212,0.0
1,Haryana,6599,0,134.0,119.4,1.9,291,0.0
2,Rajasthan,11078,0,231.8,79.3,0.2,419,0.0
3,Delhi,4096,0,81.3,66.7,-2.6,34,0.0
4,UP,19496,0,370.6,183.8,2.7,610,0.0
5,Uttarakhand,1462,0,31.7,13.7,0.6,113,0.0
6,HP,1160,0,23.6,1.2,1.5,154,0.0
7,J&K(UT) & Ladakh(UT),2109,527,44.2,23.4,2.3,335,10.4
8,Chandigarh,185,0,3.9,3.8,0.2,24,0.0
9,Chhattisgarh,3330,0,76.2,23.9,-0.6,237,0.0
10,Gujarat,14242,0,307.0,99.8,1.4,613,0.0
11,MP,9311,0,208.3,123.8,0.2,617,0.0
12,Maharashtra,19004,0,420.9,143.3,-0.5,1054,0.0
13,Goa,478,0,10.5,10.0,0.0,41,0.0
14,DD,201,0,4.4,4.1,0.3,20,0.0
15,DNH,353,0,7.9,7.9,0.0,32,0.0
16,AMNSIL,674,0,14.8,2.8,0.3,267,0.0
17,Andhra Pradesh,7789,0,164.7,55.9,1.8,620,0.0
18,Telangana,7126,0,151.3,59.0,1.4,386,0.0
19,Karnataka,8794,0,174.0,49.4,-3.4,511,0.0
20,Kerala,3227,0,65.6,42.5,-0.1,178,0.0
21,Tamil Nadu,12801,0,274.7,120.7,-3.5,649,0.0
22,Puducherry,363,0,6.9,7.2,-0.3,41,0.0
23,Bihar,5290,0,102.2,96.4,-0.8,369,0.0
24,DVC,2425,0,52.7,-28.3,1.1,338,0.0
25,Jharkhand,1448,0,26.5,19.4,-1.7,112,0.0
26,Odisha,3794,0,74.2,4.5,0.2,262,0.0
27,West Bengal,7748,0,148.2,35.1,1.6,403,0.0
28,Sikkim,94,0,1.2,1.7,-0.5,19,0.0
29,Arunachal Pradesh,106,1,1.9,1.8,-0.1,35,0.0
30,Assam,1683,40,30.9,24.7,1.1,106,0.9
31,Manipur,179,4,2.6,2.4,0.2,31,0.0
32,Meghalaya,303,2,5.2,3.3,0.1,30,0.1
33,Mizoram,83,3,1.7,1.4,0.1,14,0.0
34,Nagaland,128,3,2.1,2.2,-0.2,16,0.0
35,Tripura,271,9,4.1,5.5,-0.3,60,0.0
