,States,"Max.Demand
Met during the 
day(MW)","Shortage during
maximum 
Demand(MW)","Energy Met
(MU)","Drawal
Schedule
(MU)","OD(+)/UD(-)
(MU)","Max OD
(MW)","Energy
Shortage 
(MU)"
0,Punjab,12393,0,262.3,146.6,-6.4,351,0.0
1,Haryana,9722,0,211.9,145.0,1.3,214,0.0
2,Rajasthan,12572,0,280.3,77.9,-1.2,294,0.0
3,Delhi,6236,0,126.0,103.7,0.3,413,0.0
4,UP,21494,0,429.2,218.3,0.7,349,1.0
5,Uttarakhand,1805,0,40.9,20.3,0.2,126,0.0
6,HP,1348,0,27.4,-1.3,-0.5,205,0.0
7,J&K(UT) & Ladakh(UT),2158,539,40.9,20.4,-0.6,298,10.5
8,Chandigarh,314,0,6.2,6.4,-0.2,17,0.0
9,Chhattisgarh,3408,0,80.7,26.9,0.0,440,0.0
10,Gujarat,14660,0,313.9,91.5,2.4,645,0.0
11,MP,7511,0,169.1,92.3,-2.3,706,0.0
12,Maharashtra,16146,0,356.7,140.2,-1.2,885,0.0
13,Goa,521,0,9.7,9.3,0.0,127,0.0
14,DD,204,0,4.6,4.5,0.1,16,0.0
15,DNH,546,0,12.4,12.4,0.0,42,0.0
16,AMNSIL,771,0,17.2,6.1,-0.2,230,0.0
17,Andhra Pradesh,7562,0,169.9,43.7,0.4,569,0.0
18,Telangana,7213,0,149.3,80.1,2.3,537,0.0
19,Karnataka,9844,0,184.4,58.7,2.0,885,0.0
20,Kerala,3028,0,64.2,45.4,0.4,138,0.0
21,Tamil Nadu,14089,0,318.6,133.3,-0.8,714,0.0
22,Puducherry,401,0,8.4,8.6,-0.2,37,0.0
23,Bihar,5032,0,95.3,90.5,-0.3,307,0.0
24,DVC,2714,0,60.0,-29.2,0.7,280,0.0
25,Jharkhand,1407,0,26.1,19.3,-1.5,128,0.0
26,Odisha,4456,0,93.1,13.5,-0.4,591,0.0
27,West Bengal,7932,0,156.4,52.5,3.0,557,0.0
28,Sikkim,89,0,1.3,1.4,-0.2,10,0.0
29,Arunachal Pradesh,116,1,2.3,2.2,0.0,36,0.0
30,Assam,1668,10,31.6,27.1,0.2,158,0.0
31,Manipur,180,1,2.8,2.5,0.3,40,0.0
32,Meghalaya,361,0,5.6,0.8,-0.3,30,0.0
33,Mizoram,95,1,1.7,1.4,0.0,37,0.0
34,Nagaland,129,1,2.4,2.2,0.0,22,0.0
35,Tripura,279,2,4.5,5.3,-0.7,38,0.0
