,States,"Max.Demand
Met during the 
day(MW)","Shortage during
maximum 
Demand(MW)","Energy Met
(MU)","Drawal
Schedule
(MU)","OD(+)/UD(-)
(MU)","Max OD
(MW)","Energy
Shortage 
(MU)"
0,Punjab,4129,0,77.9,60.8,-1.8,15,0.0
1,Haryana,5268,0,86.6,78.8,0.8,221,0.0
2,Rajasthan,8522,0,171.8,63.3,-0.1,236,0.0
3,Delhi,2969,0,57.8,47.6,-0.8,85,0.0
4,UP,15914,0,280.3,114.3,-0.8,409,0.0
5,Uttarakhand,1144,0,21.6,6.0,-0.3,85,0.0
6,HP,736,0,12.1,-3.6,-1.0,244,0.0
7,J&K(UT) & Ladakh(UT),2159,540,46.6,28.9,1.7,315,11.1
8,Chandigarh,136,0,2.5,2.7,-0.2,3,0.0
9,Chhattisgarh,3316,0,76.5,22.9,-1.2,175,0.0
10,Gujarat,11856,0,261.3,78.4,4.0,546,0.0
11,MP,8528,0,179.6,99.4,-1.2,317,0.0
12,Maharashtra,17139,0,380.5,161.6,-1.4,496,0.0
13,Goa,382,0,7.8,7.9,-0.2,53,0.0
14,DD,102,0,2.3,2.4,-0.1,20,0.0
15,DNH,121,0,2.7,2.7,0.0,31,0.0
16,AMNSIL,303,0,0.8,0.8,0.0,119,0.0
17,Andhra Pradesh,8281,0,168.7,102.0,-0.3,421,0.0
18,Telangana,6473,0,143.8,55.8,-1.2,323,0.0
19,Karnataka,9723,0,196.4,54.2,1.6,611,0.0
20,Kerala,3587,0,69.6,47.1,1.1,255,0.0
21,Tamil Nadu,11150,0,253.7,181.9,-0.1,416,0.0
22,Puducherry,280,0,5.4,5.6,-0.2,29,0.0
23,Bihar,4512,0,80.8,80.5,-0.5,477,0.0
24,DVC,1529,0,30.5,-23.8,0.9,366,0.0
25,Jharkhand,1326,0,24.4,17.9,-1.3,107,0.0
26,Odisha,3705,0,69.7,3.0,0.5,293,0.0
27,West Bengal,6524,0,118.8,33.5,0.1,441,0.0
28,Sikkim,75,0,1.0,1.3,-0.4,11,0.0
29,Arunachal Pradesh,102,3,1.4,1.2,0.2,31,0.0
30,Assam,1160,86,15.8,12.9,0.0,100,1.8
31,Manipur,171,4,2.5,2.2,0.3,41,0.0
32,Meghalaya,267,0,4.0,3.3,-0.3,31,0.1
33,Mizoram,73,1,1.4,1.2,-0.1,14,0.0
34,Nagaland,110,3,2.0,1.8,0.0,10,0.0
35,Tripura,250,5,3.3,3.1,-0.6,21,0.1
