,States,"Max.Demand
Met during the 
day(MW)","Shortage during
maximum 
Demand(MW)","Energy Met
(MU)","Drawal
Schedule
(MU)","OD(+)/UD(-)
(MU)","Max OD
(MW)","Energy
Shortage 
(MU)"
0,Punjab,12349,0,269.0,149.1,-1.2,95,0.0
1,Haryana,9533,0,195.6,141.5,-0.5,351,0.0
2,Rajasthan,12303,0,264.6,80.9,0.6,610,0.0
3,Delhi,6065,0,107.3,87.5,-1.6,310,0.0
4,UP,20398,0,401.3,197.6,0.7,868,0.0
5,Uttarakhand,1851,0,41.4,19.6,0.1,72,0.0
6,HP,1322,0,27.6,-1.6,-0.3,107,0.0
7,J&K(UT) & Ladakh(UT),2095,524,44.4,22.0,2.7,306,10.6
8,Chandigarh,319,0,6.4,6.3,0.1,19,0.0
9,Chhattisgarh,3266,0,75.1,23.7,-2.0,217,0.0
10,Gujarat,14861,0,317.2,99.1,2.1,567,0.0
11,MP,7700,0,169.6,101.6,-3.2,719,0.0
12,Maharashtra,16748,0,370.5,147.4,2.1,482,0.0
13,Goa,517,0,10.5,10.2,-0.1,39,0.0
14,DD,203,0,4.6,4.4,0.2,21,0.0
15,DNH,540,0,12.4,12.3,0.1,39,0.0
16,AMNSIL,779,0,17.2,5.6,0.1,252,0.0
17,Andhra Pradesh,8353,0,172.6,44.9,-1.3,356,0.0
18,Telangana,7569,0,156.9,91.7,-0.3,610,0.0
19,Karnataka,9807,0,186.1,59.4,0.7,670,0.0
20,Kerala,3166,0,64.1,44.6,-0.2,235,0.0
21,Tamil Nadu,13740,0,313.0,141.8,-5.4,340,0.0
22,Puducherry,388,0,8.2,8.5,-0.3,28,0.0
23,Bihar,5115,0,95.2,90.8,-0.3,416,0.0
24,DVC,2717,0,59.5,-28.0,0.2,268,0.0
25,Jharkhand,1351,0,25.1,18.9,-2.1,148,0.0
26,Odisha,4279,0,90.8,8.0,0.6,313,0.0
27,West Bengal,7810,0,160.1,54.4,1.7,491,0.0
28,Sikkim,94,0,1.3,1.3,0.0,28,0.0
29,Arunachal Pradesh,118,1,2.3,1.9,0.3,35,0.0
30,Assam,1797,30,32.4,27.6,0.5,186,0.0
31,Manipur,190,1,2.8,2.4,0.4,42,0.0
32,Meghalaya,309,0,5.6,0.1,0.0,76,0.0
33,Mizoram,90,1,1.7,1.2,0.2,30,0.0
34,Nagaland,121,2,2.4,2.1,0.0,48,0.0
35,Tripura,282,1,4.8,5.6,-0.3,33,0.0
