,States,"Max.Demand
Met during the 
day(MW)","Shortage during
maximum 
Demand(MW)","Energy Met
(MU)","Drawal
Schedule
(MU)","OD(+)/UD(-)
(MU)","Max OD
(MW)","Energy
Shortage 
(MU)"
0,Punjab,6841,0,145.4,118.6,-0.9,89,0.0
1,Haryana,6697,0,139.8,119.2,1.9,229,0.0
2,Rajasthan,11017,0,230.0,79.7,2.6,445,0.0
3,Delhi,4216,0,82.3,67.8,-2.7,103,0.0
4,UP,18936,170,383.2,182.3,2.5,687,1.3
5,Uttarakhand,1477,0,32.9,14.5,0.8,133,0.0
6,HP,1185,0,23.8,1.7,2.9,264,0.0
7,J&K(UT) & Ladakh(UT),2225,556,45.3,26.3,3.0,403,10.7
8,Chandigarh,194,0,4.0,4.0,0.0,23,0.0
9,Chhattisgarh,3301,0,74.8,23.4,-0.7,221,0.0
10,Gujarat,14335,0,308.6,87.3,3.6,308,0.0
11,MP,9317,0,203.8,113.9,-2.4,411,0.0
12,Maharashtra,19273,0,426.2,146.5,-0.6,466,0.0
13,Goa,505,0,10.6,10.3,-0.1,52,0.0
14,DD,206,0,4.4,4.4,0.0,21,0.0
15,DNH,365,0,8.1,8.1,0.0,265,0.0
16,AMNSIL,721,0,15.0,4.4,-0.2,192,0.0
17,Andhra Pradesh,8890,0,175.5,64.7,0.1,681,0.0
18,Telangana,7627,0,159.8,61.6,0.3,426,0.0
19,Karnataka,9836,0,188.0,54.2,-0.1,610,0.0
20,Kerala,3483,0,70.1,46.9,0.3,176,0.0
21,Tamil Nadu,12927,0,296.7,132.1,-2.4,441,0.0
22,Puducherry,365,0,7.7,7.9,-0.2,46,0.0
23,Bihar,5193,0,93.3,86.1,-0.2,150,0.0
24,DVC,2404,0,47.3,-23.4,0.0,200,0.0
25,Jharkhand,1280,0,19.3,14.7,-1.9,150,0.0
26,Odisha,3002,0,57.4,-10.5,-1.2,220,0.0
27,West Bengal,5895,0,75.1,21.5,-3.9,200,0.0
28,Sikkim,86,0,1.2,1.3,-0.1,25,0.0
29,Arunachal Pradesh,100,1,2.0,1.5,0.4,45,0.0
30,Assam,1542,100,28.4,22.9,0.0,147,1.0
31,Manipur,176,1,2.4,2.3,0.1,22,0.0
32,Meghalaya,298,0,5.0,3.0,-0.1,34,0.1
33,Mizoram,95,1,1.6,1.4,0.1,13,0.0
34,Nagaland,119,2,2.2,2.2,-0.1,13,0.0
35,Tripura,226,1,3.7,4.0,-0.4,47,0.0
