,States,"Max.Demand
Met during the 
day(MW)","Shortage during
maximum 
Demand(MW)","Energy Met
(MU)","Drawal
Schedule
(MU)","OD(+)/UD(-)
(MU)","Max OD
(MW)","Energy
Shortage 
(MU)"
0,Punjab,3897,0,75.3,58.7,-2.3,124,0.0
1,Haryana,4822,0,86.1,79.8,-0.4,114,0.0
2,Rajasthan,7054,0,154.1,50.5,-4.6,635,0.0
3,Delhi,2935,0,59.9,48.5,-0.8,177,0.0
4,UP,14244,0,268.3,108.1,-1.6,411,0.0
5,Uttarakhand,1098,0,22.1,6.6,0.4,143,0.0
6,HP,825,0,13.9,-3.3,1.4,215,0.0
7,J&K(UT) & Ladakh(UT),2093,523,45.5,31.2,0.0,236,10.8
8,Chandigarh,130,0,2.6,3.7,-1.0,7,0.0
9,Chhattisgarh,3263,0,77.9,21.9,-1.5,132,0.0
10,Gujarat,12047,0,265.8,87.5,2.0,376,0.0
11,MP,8672,0,182.2,102.9,-0.8,447,0.0
12,Maharashtra,17949,0,388.6,163.4,-0.4,630,0.0
13,Goa,458,0,8.2,8.4,-0.2,60,0.0
14,DD,116,0,2.5,2.5,0.0,14,0.0
15,DNH,129,0,2.9,2.9,0.0,29,0.0
16,AMNSIL,323,0,0.9,0.5,0.5,152,0.0
17,Andhra Pradesh,8455,0,170.6,100.5,0.2,414,0.0
18,Telangana,6978,0,145.1,54.8,-0.8,643,0.0
19,Karnataka,10204,0,207.4,66.1,0.5,561,0.0
20,Kerala,3730,0,71.7,51.6,1.2,194,0.0
21,Tamil Nadu,10842,0,255.6,181.2,-0.1,317,0.0
22,Puducherry,286,0,5.7,5.9,-0.2,27,0.0
23,Bihar,4410,0,70.2,71.0,-1.5,639,0.0
24,DVC,1527,0,30.7,-21.8,0.8,225,0.0
25,Jharkhand,1288,0,22.6,16.1,-1.5,78,0.0
26,Odisha,3706,0,78.2,3.4,0.4,136,0.0
27,West Bengal,6263,0,118.4,32.9,-0.7,283,0.0
28,Sikkim,91,0,1.3,1.6,-0.3,6,0.0
29,Arunachal Pradesh,86,2,1.4,1.6,-0.3,35,0.0
30,Assam,1201,86,15.5,13.2,-0.3,107,1.8
31,Manipur,177,3,2.3,2.2,0.1,26,0.0
32,Meghalaya,259,0,3.7,3.3,-0.2,19,0.1
33,Mizoram,76,1,1.5,1.3,0.1,25,0.0
34,Nagaland,116,2,2.1,1.9,-0.1,13,0.0
35,Tripura,232,0,3.4,3.5,-1.0,46,0.0
