,States,"Max.Demand
Met during the 
day(MW)","Shortage during
maximum 
Demand(MW)","Energy Met
(MU)","Drawal
Schedule
(MU)","OD(+)/UD(-)
(MU)","Max OD
(MW)","Energy
Shortage 
(MU)"
0,Punjab,11902,0,264.4,149.6,-2.4,28,0.0
1,Haryana,8493,0,175.1,127.1,0.3,283,0.0
2,Rajasthan,11219,0,248.1,85.8,-0.7,613,0.0
3,Delhi,5214,0,97.9,80.4,-1.3,211,0.0
4,UP,20088,0,373.7,186.6,0.3,589,0.0
5,Uttarakhand,1683,0,34.0,14.7,-0.7,351,0.2
6,HP,1267,0,27.0,-2.9,0.1,129,0.0
7,J&K(UT) & Ladakh(UT),2041,510,44.7,22.1,-0.4,223,10.6
8,Chandigarh,286,0,5.0,5.5,-0.6,14,0.0
9,Chhattisgarh,2977,0,72.2,22.4,-1.0,207,0.0
10,Gujarat,13325,0,296.1,100.7,3.0,639,0.0
11,MP,7750,0,172.8,95.4,-1.9,304,0.0
12,Maharashtra,16396,0,367.4,148.1,1.5,849,0.0
13,Goa,410,0,8.2,7.9,-0.1,87,0.0
14,DD,193,0,3.5,3.4,0.1,23,0.0
15,DNH,517,0,12.1,12.1,0.0,36,0.0
16,AMNSIL,792,0,17.0,6.7,-0.3,280,0.0
17,Andhra Pradesh,7767,0,170.4,43.8,1.0,367,0.0
18,Telangana,7210,0,149.4,92.8,1.9,740,0.0
19,Karnataka,9886,0,183.3,62.0,1.9,637,0.0
20,Kerala,2689,0,57.7,41.3,0.5,230,0.0
21,Tamil Nadu,13111,0,293.1,117.9,-3.0,564,0.0
22,Puducherry,351,0,7.3,7.6,-0.3,33,0.0
23,Bihar,5175,0,99.4,94.9,-0.5,347,0.0
24,DVC,2814,0,59.2,-34.3,0.8,292,0.0
25,Jharkhand,1327,0,24.3,18.0,-2.0,138,0.0
26,Odisha,4004,0,85.5,10.5,0.9,262,0.0
27,West Bengal,7751,0,148.9,46.8,2.2,474,0.0
28,Sikkim,78,0,0.9,1.1,-0.2,19,0.0
29,Arunachal Pradesh,119,1,2.1,2.0,0.1,29,0.0
30,Assam,1700,14,31.7,26.3,0.8,140,0.3
31,Manipur,178,1,2.6,2.3,0.3,27,0.0
32,Meghalaya,368,0,5.6,0.4,-0.1,59,0.0
33,Mizoram,88,0,1.5,1.5,0.0,14,0.0
34,Nagaland,127,0,2.2,2.1,-0.2,14,0.0
35,Tripura,267,3,4.8,5.3,-0.3,45,0.0
