,States,"Max.Demand
Met during the 
day(MW)","Shortage during
maximum 
Demand(MW)","Energy Met
(MU)","Drawal
Schedule
(MU)","OD(+)/UD(-)
(MU)","Max OD
(MW)","Energy
Shortage 
(MU)"
0,Punjab,4002,0,68.5,54.2,-2.1,35,0.0
1,Haryana,5052,0,84.4,75.8,2.1,228,0.0
2,Rajasthan,8281,0,163.0,55.9,1.3,698,0.0
3,Delhi,2729,0,56.8,46.7,-1.8,25,0.0
4,UP,15598,0,260.2,106.7,1.1,741,0.0
5,Uttarakhand,1199,0,22.6,7.0,0.2,84,0.0
6,HP,831,0,13.9,-2.6,1.3,178,0.0
7,J&K(UT) & Ladakh(UT),1946,487,40.4,31.8,-3.8,23,9.6
8,Chandigarh,127,0,2.4,2.7,-0.3,20,0.0
9,Chhattisgarh,3207,0,70.6,16.7,-1.4,205,0.0
10,Gujarat,11967,0,268.0,95.0,-0.6,685,0.0
11,MP,8810,0,185.8,108.4,1.0,804,0.0
12,Maharashtra,17686,0,399.1,161.5,-0.4,354,0.0
13,Goa,415,0,8.2,8.1,-0.1,77,0.0
14,DD,118,0,2.7,2.6,0.0,47,0.0
15,DNH,139,0,3.0,3.0,0.0,38,0.0
16,AMNSIL,317,0,1.2,1.0,0.2,142,0.0
17,Andhra Pradesh,8416,0,169.3,96.0,-0.3,421,0.0
18,Telangana,6715,0,142.9,57.6,-1.7,369,0.0
19,Karnataka,10370,0,207.2,68.6,-1.9,428,0.0
20,Kerala,3609,0,71.3,49.9,0.3,206,0.0
21,Tamil Nadu,10871,0,255.0,181.7,-0.8,351,0.0
22,Puducherry,290,0,5.6,6.1,-0.4,24,0.0
23,Bihar,4051,0,64.0,67.0,-3.7,380,0.0
24,DVC,1491,0,27.7,-16.6,-1.7,130,0.0
25,Jharkhand,1103,0,18.8,12.6,-1.9,120,0.0
26,Odisha,3468,0,64.6,2.4,-2.3,240,0.0
27,West Bengal,4740,0,82.4,24.2,-3.6,405,0.0
28,Sikkim,102,0,1.3,1.5,-0.2,25,0.0
29,Arunachal Pradesh,59,3,1.1,1.2,-0.2,18,0.2
30,Assam,870,350,14.8,12.6,-0.7,96,1.4
31,Manipur,186,8,2.1,2.1,0.0,31,0.4
32,Meghalaya,240,0,3.8,2.8,-0.2,44,0.1
33,Mizoram,78,5,1.4,1.1,0.2,17,0.2
34,Nagaland,85,11,1.4,1.6,-0.3,9,0.3
35,Tripura,237,1,3.5,3.1,-0.8,48,0.0
