,States,"Max.Demand
Met during the 
day(MW)","Shortage during
maximum 
Demand(MW)","Energy Met
(MU)","Drawal
Schedule
(MU)","OD(+)/UD(-)
(MU)","Max OD
(MW)","Energy
Shortage 
(MU)"
0,Punjab,7523,0,160.4,133.4,-1.4,83,0.0
1,Haryana,6829,288,142.4,122.9,1.9,388,0.1
2,Rajasthan,11202,0,233.5,75.4,1.4,467,0.0
3,Delhi,4429,0,84.8,69.9,-1.9,243,0.0
4,UP,19568,340,382.7,181.9,2.2,827,2.0
5,Uttarakhand,1564,0,33.7,15.0,0.5,211,0.0
6,HP,1229,0,24.3,1.8,1.4,169,0.0
7,J&K(UT) & Ladakh(UT),2205,551,43.4,27.9,-0.7,213,10.2
8,Chandigarh,208,0,4.2,4.3,-0.1,11,0.0
9,Chhattisgarh,3444,0,78.0,25.7,-0.3,244,0.0
10,Gujarat,14753,0,316.6,59.8,4.5,882,0.0
11,MP,9392,0,207.2,120.8,-2.5,388,0.0
12,Maharashtra,19840,0,434.5,147.0,1.2,590,0.0
13,Goa,463,0,10.6,10.3,-0.2,38,0.0
14,DD,205,0,4.5,4.3,0.2,26,0.0
15,DNH,362,0,8.2,8.2,0.0,21,0.0
16,AMNSIL,736,0,16.6,2.9,0.6,259,0.0
17,Andhra Pradesh,9649,0,186.9,80.9,2.3,972,0.0
18,Telangana,7904,0,166.9,66.8,0.4,451,0.0
19,Karnataka,9952,0,196.5,60.1,3.5,724,0.0
20,Kerala,3342,0,71.2,48.7,0.5,197,0.0
21,Tamil Nadu,13395,0,302.2,146.1,0.4,577,0.0
22,Puducherry,378,0,7.8,7.8,0.0,70,0.0
23,Bihar,4680,0,81.6,75.4,0.4,616,0.0
24,DVC,2376,0,47.3,-32.0,2.4,273,0.0
25,Jharkhand,1141,0,17.3,14.8,-2.2,81,0.0
26,Odisha,3426,0,70.0,-6.7,0.7,375,0.0
27,West Bengal,2966,0,51.5,25.9,-19.7,351,0.0
28,Sikkim,88,0,1.1,1.5,-0.3,6,0.0
29,Arunachal Pradesh,105,1,2.1,1.7,0.2,11,0.0
30,Assam,1205,0,20.2,14.5,-0.3,126,3.9
31,Manipur,171,1,2.8,2.3,0.5,33,0.0
32,Meghalaya,297,0,4.4,1.9,-0.4,47,0.1
33,Mizoram,93,1,1.5,1.4,0.0,20,0.0
34,Nagaland,110,1,2.3,1.9,0.3,15,0.0
35,Tripura,256,1,3.7,3.4,-0.2,29,0.1
