,Unnamed: 0,States,"Max.Demand
Met during the 
day(MW)","Shortage during
maximum 
Demand(MW)","Energy Met
(MU)","Drawal
Schedule
(MU)","OD(+)/UD(-)
(MU)","Max OD
(MW)","Energy
Shortage 
(MU)"
0,0,Punjab,8260,0,168.2,140.2,-0.8,157,0.0
1,1,Haryana,7386,15,154.5,128.2,1.5,244,0.6
2,2,Rajasthan,11079,0,237.2,75.1,-1.9,316,0.0
3,3,Delhi,4884,0,91.7,76.4,-2.9,68,0.2
4,4,UP,20290,170,402.6,194.0,-1.9,317,0.0
5,5,Uttarakhand,1614,0,35.2,16.1,0.5,108,0.0
6,6,HP,1256,0,24.8,2.6,-3.0,8,0.0
7,7,J&K(UT) & Ladakh(UT),2192,548,44.9,25.4,-1.1,217,10.6
8,8,Chandigarh,223,0,4.5,4.6,-0.2,16,0.0
9,9,Chhattisgarh,3437,0,79.2,29.1,0.0,262,0.0
10,10,Gujarat,14992,0,317.1,57.7,4.7,539,0.0
11,11,MP,9647,0,209.3,107.0,-2.5,371,0.0
12,12,Maharashtra,20398,0,442.1,154.8,0.1,493,0.0
13,13,Goa,499,0,10.3,10.0,-0.3,53,0.0
14,14,DD,207,0,4.5,4.3,0.2,27,0.0
15,15,DNH,391,0,8.6,8.4,0.1,25,0.0
16,16,AMNSIL,761,0,16.3,3.5,0.1,240,0.0
17,17,Andhra Pradesh,10060,0,192.3,85.3,3.6,958,0.0
18,18,Telangana,8499,0,173.3,62.4,0.8,567,0.0
19,19,Karnataka,10385,0,201.3,62.0,4.3,919,0.0
20,20,Kerala,3536,0,72.4,46.6,0.4,185,0.0
21,21,Tamil Nadu,13871,0,306.5,133.7,3.1,908,0.0
22,22,Puducherry,390,0,8.2,8.1,0.1,84,0.0
23,23,Bihar,4955,0,92.5,87.4,-2.2,232,0.0
24,24,DVC,2444,0,52.5,-35.8,1.6,393,0.0
25,25,Jharkhand,1312,0,23.4,18.9,-0.3,99,0.0
26,26,Odisha,3799,0,77.2,2.8,-0.5,246,0.0
27,27,West Bengal,4759,0,78.3,29.0,-7.1,602,0.0
28,28,Sikkim,91,0,1.3,1.5,-0.2,12,0.0
29,29,Arunachal Pradesh,105,1,2.0,2.1,-0.1,33,0.0
30,30,Assam,1334,202,21.7,16.4,-0.7,108,2.4
31,31,Manipur,181,1,2.4,2.5,-0.1,31,0.0
32,32,Meghalaya,355,0,4.7,0.5,-0.1,92,0.1
33,33,Mizoram,95,1,1.7,1.5,0.0,16,0.0
34,34,Nagaland,110,1,2.3,1.9,0.1,11,0.0
35,35,Tripura,275,2,4.1,5.1,-0.4,41,0.0
