,Unnamed: 0,States,"Max.Demand
Met during the 
day(MW)","Shortage during
maximum 
Demand(MW)","Energy Met
(MU)","Drawal
Schedule
(MU)","OD(+)/UD(-)
(MU)","Max OD
(MW)","Energy
Shortage 
(MU)"
0,0,Punjab,4230,0,81.2,55.3,-0.5,160,0.0
1,1,Haryana,5331,0,89.7,81.6,1.0,235,0.0
2,2,Rajasthan,8441,0,171.0,62.6,-1.1,349,0.0
3,3,Delhi,2876,0,58.6,48.2,-1.6,30,0.0
4,4,UP,15897,0,283.0,121.8,2.3,407,1.2
5,5,Uttarakhand,1191,0,23.1,7.5,0.4,153,0.0
6,6,HP,846,0,14.4,-1.4,0.6,150,0.2
7,7,J&K(UT) & Ladakh(UT),2215,554,45.9,34.3,2.1,442,10.9
8,8,Chandigarh,137,0,2.6,2.7,-0.2,14,0.0
9,9,Chhattisgarh,3216,0,75.1,19.0,-1.1,450,0.0
10,10,Gujarat,12210,0,275.8,75.2,1.9,737,0.0
11,11,MP,8887,0,189.3,118.3,-1.9,470,0.0
12,12,Maharashtra,18222,0,405.7,152.2,1.3,447,0.0
13,13,Goa,406,0,8.6,8.5,-0.1,52,0.0
14,14,DD,126,0,2.7,2.7,0.0,19,0.0
15,15,DNH,141,0,3.2,3.2,0.1,21,0.0
16,16,AMNSIL,304,0,1.1,1.0,0.2,137,0.0
17,17,Andhra Pradesh,8387,0,170.1,94.4,-1.4,241,0.0
18,18,Telangana,6830,0,142.4,59.1,-0.2,426,0.0
19,19,Karnataka,10374,0,207.9,64.0,-1.9,386,0.0
20,20,Kerala,3567,0,70.7,47.7,0.5,193,0.0
21,21,Tamil Nadu,11365,0,260.5,179.8,0.7,548,0.0
22,22,Puducherry,290,0,5.8,6.0,-0.2,27,0.0
23,23,Bihar,4312,0,72.8,71.9,0.1,270,0.0
24,24,DVC,1460,0,29.2,-20.3,0.2,230,0.0
25,25,Jharkhand,1450,0,20.6,14.3,-1.0,280,0.0
26,26,Odisha,3369,0,63.6,-0.9,-0.6,200,0.0
27,27,West Bengal,5472,0,95.1,33.4,1.7,335,0.0
28,28,Sikkim,106,0,1.4,1.6,-0.1,25,0.0
29,29,Arunachal Pradesh,105,2,1.4,1.0,0.3,24,0.0
30,30,Assam,1218,196,14.3,13.1,-1.7,108,3.1
31,31,Manipur,156,3,2.3,2.1,0.2,43,0.0
32,32,Meghalaya,254,0,4.0,1.9,-0.3,31,0.1
33,33,Mizoram,86,2,1.4,1.3,0.0,17,0.0
34,34,Nagaland,112,1,2.0,1.6,0.2,11,0.0
35,35,Tripura,212,23,3.3,2.2,-0.4,35,0.0
