,Unnamed: 0,States,"Max.Demand
Met during the 
day(MW)","Shortage during
maximum 
Demand(MW)","Energy Met
(MU)","Drawal
Schedule
(MU)","OD(+)/UD(-)
(MU)","Max OD
(MW)","Energy
Shortage 
(MU)"
0,0,Punjab,12430,0,249.1,142.0,-4.3,95,0.0
1,1,Haryana,8968,0,180.6,129.9,-0.5,354,0.0
2,2,Rajasthan,11746,0,253.9,87.8,2.5,464,0.0
3,3,Delhi,5351,0,101.9,88.5,-1.8,187,0.0
4,4,UP,20100,270,390.1,196.7,1.1,390,3.0
5,5,Uttarakhand,1865,0,40.0,17.6,0.2,120,0.0
6,6,HP,1297,0,27.9,-1.6,-0.3,44,0.0
7,7,J&K(UT) & Ladakh(UT),2156,539,44.5,20.1,1.4,282,10.6
8,8,Chandigarh,291,0,5.5,6.2,-0.6,17,0.0
9,9,Chhattisgarh,2921,0,65.1,16.2,-6.0,194,0.0
10,10,Gujarat,14532,0,306.1,107.7,2.5,613,0.0
11,11,MP,7804,0,176.5,104.9,-2.3,593,0.0
12,12,Maharashtra,17788,0,388.6,152.2,1.0,740,0.0
13,13,Goa,436,0,8.9,8.3,0.1,50,0.0
14,14,DD,231,0,4.6,4.4,0.2,34,0.0
15,15,DNH,559,0,12.5,12.3,0.2,117,0.0
16,16,AMNSIL,872,0,17.3,5.9,0.1,231,0.0
17,17,Andhra Pradesh,8278,0,169.7,44.5,0.1,366,0.0
18,18,Telangana,7471,0,157.6,97.2,3.1,799,0.0
19,19,Karnataka,9860,0,190.7,61.0,-0.8,515,0.0
20,20,Kerala,2975,0,61.8,40.7,-0.1,312,0.0
21,21,Tamil Nadu,13072,0,293.4,123.6,-1.6,558,0.0
22,22,Puducherry,380,0,7.8,8.1,-0.3,20,0.0
23,23,Bihar,5298,0,99.0,94.8,-1.2,290,0.0
24,24,DVC,2707,0,56.8,-30.3,-1.6,220,0.0
25,25,Jharkhand,1327,0,25.2,18.2,-1.3,130,0.0
26,26,Odisha,3928,0,83.5,5.2,-0.2,190,0.0
27,27,West Bengal,7881,0,153.4,49.0,-0.4,240,0.0
28,28,Sikkim,83,0,1.2,1.3,-0.1,15,0.0
29,29,Arunachal Pradesh,108,1,2.0,2.0,-0.1,42,0.0
30,30,Assam,1760,17,33.3,27.9,0.9,140,0.0
31,31,Manipur,181,0,2.5,2.3,0.2,22,0.0
32,32,Meghalaya,336,0,5.7,0.3,-0.1,44,0.0
33,33,Mizoram,94,1,1.6,1.4,0.0,21,0.0
34,34,Nagaland,139,2,2.2,2.2,-0.4,9,0.0
35,35,Tripura,286,5,4.8,5.1,-0.4,54,0.0
