,Unnamed: 0,States,"Max.Demand
Met during the 
day(MW)","Shortage during
maximum 
Demand(MW)","Energy Met
(MU)","Drawal
Schedule
(MU)","OD(+)/UD(-)
(MU)","Max OD
(MW)","Energy
Shortage 
(MU)"
0,0,Punjab,4472,0,83.7,60.2,-0.2,131,0.0
1,1,Haryana,5147,0,92.4,84.1,0.9,263,0.0
2,2,Rajasthan,8130,0,167.2,62.1,-1.8,303,0.0
3,3,Delhi,2853,0,59.9,50.2,-2.5,0,0.0
4,4,UP,15342,0,284.4,125.0,-1.8,314,1.9
5,5,Uttarakhand,1184,0,23.3,7.7,0.4,140,0.0
6,6,HP,816,0,14.2,-1.0,-0.1,102,0.0
7,7,J&K(UT) & Ladakh(UT),2247,562,43.9,33.5,-0.3,319,10.4
8,8,Chandigarh,140,0,2.7,2.8,-0.2,18,0.0
9,9,Chhattisgarh,3242,0,75.2,19.1,-1.3,157,0.0
10,10,Gujarat,12575,0,278.9,65.4,3.0,528,0.0
11,11,MP,8892,0,186.2,100.1,-1.3,437,0.0
12,12,Maharashtra,18449,0,410.2,154.0,1.3,484,0.0
13,13,Goa,434,0,8.9,9.0,-0.3,47,0.0
14,14,DD,126,0,2.8,2.8,0.0,43,0.0
15,15,DNH,148,0,3.3,3.3,0.0,38,0.0
16,16,AMNSIL,328,0,1.2,1.1,0.2,184,0.0
17,17,Andhra Pradesh,8484,0,170.5,92.5,-0.2,463,0.0
18,18,Telangana,6802,0,144.9,60.8,0.5,699,0.0
19,19,Karnataka,10203,0,205.5,64.7,0.0,909,0.0
20,20,Kerala,3584,0,70.6,46.9,0.9,215,0.0
21,21,Tamil Nadu,11219,0,261.7,182.1,-0.6,330,0.0
22,22,Puducherry,287,0,5.7,6.0,-0.3,33,0.0
23,23,Bihar,4173,0,75.3,75.7,-1.1,820,0.0
24,24,DVC,1566,0,28.9,-20.1,-0.2,228,0.0
25,25,Jharkhand,1122,0,19.0,16.1,-0.6,205,0.0
26,26,Odisha,2610,0,67.3,-8.9,-0.4,606,0.0
27,27,West Bengal,4300,0,99.8,35.3,0.0,333,0.0
28,28,Sikkim,109,0,1.5,1.6,-0.1,15,0.0
29,29,Arunachal Pradesh,103,0,1.3,1.0,0.2,12,0.0
30,30,Assam,1102,79,16.8,13.9,-0.2,135,2.0
31,31,Manipur,163,3,2.1,2.1,0.0,27,0.0
32,32,Meghalaya,251,0,4.1,2.0,-0.2,49,0.1
33,33,Mizoram,92,0,1.4,1.2,0.1,15,0.0
34,34,Nagaland,112,1,1.8,1.7,-0.1,17,0.0
35,35,Tripura,218,37,2.9,1.7,-0.2,67,0.0
