,States,"Max.Demand
Met during the 
day(MW)","Shortage during
maximum 
Demand(MW)","Energy Met
(MU)","Drawal
Schedule
(MU)","OD(+)/UD(-)
(MU)","Max OD
(MW)","Energy
Shortage 
(MU)"
0,Punjab,7816,0,171.0,136.3,-1.5,232,0.0
1,Haryana,7460,0,158.0,129.2,1.6,280,0.0
2,Rajasthan,11219,0,244.1,81.6,0.4,488,0.0
3,Delhi,5003,0,95.2,78.7,-3.0,53,0.0
4,UP,21082,0,417.5,186.5,0.9,725,0.0
5,Uttarakhand,1607,0,36.1,17.8,0.2,104,0.0
6,HP,1258,0,24.1,1.8,-2.1,80,0.0
7,J&K(UT) & Ladakh(UT),2050,513,41.2,20.9,-2.8,150,9.7
8,Chandigarh,234,0,4.6,4.6,0.0,20,0.0
9,Chhattisgarh,3612,0,79.4,28.5,-1.3,249,0.0
10,Gujarat,14698,0,315.2,62.2,3.0,642,0.0
11,MP,9727,0,216.6,111.0,-2.1,367,0.0
12,Maharashtra,20343,0,443.5,154.4,-1.9,534,0.0
13,Goa,494,0,10.6,10.3,-0.2,40,0.0
14,DD,207,0,4.6,4.3,0.3,37,0.0
15,DNH,363,0,8.1,8.1,0.0,42,0.0
16,AMNSIL,752,0,16.5,3.2,0.1,258,0.0
17,Andhra Pradesh,10029,0,195.9,99.2,2.6,691,0.0
18,Telangana,7797,0,168.1,59.5,0.6,545,0.0
19,Karnataka,10430,0,201.2,61.5,4.6,900,0.0
20,Kerala,3524,0,74.0,48.1,0.3,183,0.0
21,Tamil Nadu,13896,0,311.9,136.7,0.5,482,0.0
22,Puducherry,379,0,8.1,7.9,0.2,72,0.0
23,Bihar,5281,0,98.6,91.2,-0.9,225,0.0
24,DVC,2521,0,54.7,-34.9,0.7,290,0.0
25,Jharkhand,1465,0,27.3,20.7,-1.2,118,0.0
26,Odisha,4176,0,84.5,2.3,0.1,300,0.0
27,West Bengal,5620,0,102.9,37.5,1.0,490,0.0
28,Sikkim,92,0,1.3,1.4,-0.1,10,0.0
29,Arunachal Pradesh,80,1,1.5,1.6,-0.2,13,0.0
30,Assam,1415,120,23.6,16.7,0.4,106,1.8
31,Manipur,184,2,2.5,2.4,0.1,19,0.0
32,Meghalaya,304,0,5.1,-0.1,0.0,45,0.1
33,Mizoram,90,0,1.4,1.5,-0.2,16,0.0
34,Nagaland,122,1,2.1,1.9,-0.1,13,0.0
35,Tripura,282,11,4.7,5.3,0.1,54,0.0
