,States,"Max.Demand
Met during the 
day(MW)","Shortage during
maximum 
Demand(MW)","Energy Met
(MU)","Drawal
Schedule
(MU)","OD(+)/UD(-)
(MU)","Max OD
(MW)","Energy
Shortage 
(MU)"
0,Punjab,7543,0,168.3,128.4,-0.8,77,0.0
1,Haryana,7356,0,154.3,123.5,-0.4,158,0.0
2,Rajasthan,11595,0,245.8,85.5,1.7,530,0.0
3,Delhi,5219,0,98.0,81.6,-3.5,141,0.0
4,UP,20899,0,426.9,190.6,0.5,705,0.0
5,Uttarakhand,1539,0,34.6,14.7,0.5,142,0.0
6,HP,1086,0,22.4,-1.0,0.0,330,0.0
7,J&K(UT) & Ladakh(UT),2167,542,46.2,23.3,-0.2,296,10.9
8,Chandigarh,250,0,4.5,4.8,-0.2,30,0.0
9,Chhattisgarh,3614,0,83.8,29.6,-0.3,184,0.0
10,Gujarat,14550,0,312.2,60.5,5.2,657,0.0
11,MP,9762,0,216.2,112.7,-1.6,457,0.0
12,Maharashtra,20237,0,447.4,154.0,0.3,543,0.0
13,Goa,475,0,10.0,9.6,-0.1,41,0.0
14,DD,189,0,4.1,3.9,0.2,21,0.0
15,DNH,381,0,8.7,8.6,0.1,19,0.0
16,AMNSIL,761,0,17.3,3.5,0.2,238,0.0
17,Andhra Pradesh,9870,0,194.0,101.1,-0.7,622,0.0
18,Telangana,7969,0,172.3,62.4,0.8,341,0.0
19,Karnataka,9484,0,192.6,58.2,0.2,386,0.0
20,Kerala,3576,0,69.7,45.0,0.5,372,0.0
21,Tamil Nadu,12841,0,302.2,131.1,-2.0,361,0.0
22,Puducherry,365,0,7.6,7.9,-0.3,16,0.0
23,Bihar,5335,0,109.2,100.9,0.3,338,0.0
24,DVC,2567,0,55.0,-36.7,0.0,278,0.0
25,Jharkhand,1472,0,27.7,22.5,-1.3,277,0.0
26,Odisha,4021,0,85.0,4.3,-0.2,233,0.0
27,West Bengal,5640,0,118.4,40.3,-0.4,281,0.0
28,Sikkim,76,0,0.9,1.0,-0.1,18,0.0
29,Arunachal Pradesh,107,0,1.6,1.6,0.0,5,0.0
30,Assam,1247,237,22.9,16.4,0.6,88,4.0
31,Manipur,182,1,2.4,2.4,0.0,16,0.0
32,Meghalaya,264,0,4.6,1.4,-0.2,67,0.1
33,Mizoram,98,0,1.6,1.4,0.1,12,0.0
34,Nagaland,119,0,2.1,2.0,0.0,9,0.0
35,Tripura,278,2,4.3,5.4,-0.9,48,0.0
