,States,"Max.Demand
Met during the 
day(MW)","Shortage during
maximum 
Demand(MW)","Energy Met
(MU)","Drawal
Schedule
(MU)","OD(+)/UD(-)
(MU)","Max OD
(MW)","Energy
Shortage 
(MU)"
0,Punjab,4747,0,91.0,66.0,-0.3,147,0.0
1,Haryana,5569,0,94.2,84.9,1.8,273,0.0
2,Rajasthan,8507,0,170.6,61.9,0.3,493,0.0
3,Delhi,3048,0,59.5,50.7,-2.3,23,0.0
4,UP,16889,0,293.6,127.3,2.1,1410,0.0
5,Uttarakhand,1233,0,22.8,8.1,0.2,110,0.0
6,HP,842,0,14.1,-1.2,-0.3,133,0.0
7,J&K(UT) & Ladakh(UT),2243,561,44.6,31.9,0.1,256,10.6
8,Chandigarh,145,0,2.8,2.7,0.0,31,0.0
9,Chhattisgarh,3162,0,74.5,18.3,-1.2,159,0.0
10,Gujarat,12498,0,280.6,62.1,2.5,502,0.0
11,MP,8756,0,187.9,98.5,-2.8,357,0.0
12,Maharashtra,18664,0,412.7,155.7,1.7,437,0.0
13,Goa,455,0,9.2,9.4,-0.2,42,0.0
14,DD,128,0,2.9,3.0,-0.1,11,0.0
15,DNH,150,0,3.4,3.4,0.0,26,0.0
16,AMNSIL,339,0,1.5,1.0,0.5,151,0.0
17,Andhra Pradesh,8410,0,169.4,89.4,-0.2,469,0.0
18,Telangana,7240,0,146.0,64.2,-1.2,304,0.0
19,Karnataka,9664,0,193.5,57.7,-1.2,581,0.0
20,Kerala,3511,0,69.9,48.1,0.7,193,0.0
21,Tamil Nadu,11172,0,260.8,180.5,-1.2,411,0.0
22,Puducherry,291,0,5.8,6.0,-0.3,62,0.0
23,Bihar,4235,0,71.8,70.2,1.2,410,0.0
24,DVC,1638,0,31.8,-18.4,0.8,322,0.0
25,Jharkhand,1263,0,21.1,17.7,-1.7,165,0.0
26,Odisha,2775,0,56.5,-13.0,-0.9,503,0.0
27,West Bengal,4843,0,93.3,29.1,-0.1,263,0.0
28,Sikkim,110,0,1.5,1.5,0.0,35,0.0
29,Arunachal Pradesh,103,1,1.4,1.1,0.1,32,0.0
30,Assam,1144,35,16.5,13.5,0.0,84,4.0
31,Manipur,184,1,2.2,2.3,-0.1,41,0.0
32,Meghalaya,259,0,4.1,2.3,0.0,60,0.1
33,Mizoram,85,2,1.4,1.2,0.1,24,0.0
34,Nagaland,116,2,1.8,1.8,-0.2,14,0.0
35,Tripura,202,10,2.9,2.2,-0.9,34,0.0
