,Unnamed: 0,States,"Max.Demand
Met during the 
day(MW)","Shortage during
maximum 
Demand(MW)","Energy Met
(MU)","Drawal
Schedule
(MU)","OD(+)/UD(-)
(MU)","Max OD
(MW)","Energy
Shortage 
(MU)"
0,0,Punjab,4969,0,91.6,69.2,-1.2,219,0.0
1,1,Haryana,5769,0,96.6,78.3,1.8,327,0.3
2,2,Rajasthan,8174,0,168.0,59.3,-1.5,510,0.0
3,3,Delhi,3094,0,62.2,52.6,-2.6,31,0.0
4,4,UP,15446,0,296.3,137.8,1.9,1214,2.1
5,5,Uttarakhand,1183,0,23.9,8.3,-0.1,64,0.0
6,6,HP,837,0,14.6,-1.5,-0.7,135,0.0
7,7,J&K(UT) & Ladakh(UT),2080,520,42.4,29.8,0.2,268,10.0
8,8,Chandigarh,139,0,2.8,2.9,-0.1,12,0.0
9,9,Chhattisgarh,3085,0,72.5,17.9,-1.5,262,0.0
10,10,Gujarat,12390,0,275.4,64.4,1.3,628,0.0
11,11,MP,8655,0,183.3,93.2,-1.9,478,0.0
12,12,Maharashtra,18205,0,404.4,167.2,0.3,313,0.0
13,13,Goa,446,0,9.5,9.5,-0.2,34,0.0
14,14,DD,132,0,2.9,2.9,0.0,13,0.0
15,15,DNH,171,0,3.8,3.8,0.0,35,0.0
16,16,AMNSIL,323,0,1.5,1.4,0.1,137,0.0
17,17,Andhra Pradesh,8165,0,159.1,84.4,-1.5,353,0.0
18,18,Telangana,6713,0,140.9,61.0,-1.2,591,0.0
19,19,Karnataka,10050,0,198.2,56.0,-0.9,469,0.0
20,20,Kerala,3729,50,70.3,49.4,0.8,309,0.1
21,21,Tamil Nadu,11134,0,259.0,171.9,0.7,489,0.0
22,22,Puducherry,285,0,5.6,5.9,-0.3,89,0.0
23,23,Bihar,4158,0,73.6,75.5,-2.5,370,0.0
24,24,DVC,1563,0,30.3,-21.0,-0.1,264,0.0
25,25,Jharkhand,1235,0,22.3,18.1,-1.1,128,0.0
26,26,Odisha,2914,0,55.0,-18.3,0.6,222,0.0
27,27,West Bengal,5591,0,97.8,30.3,-1.1,482,0.0
28,28,Sikkim,108,0,1.4,1.5,0.0,26,0.0
29,29,Arunachal Pradesh,106,1,1.3,1.4,-0.2,47,0.0
30,30,Assam,1159,30,17.0,13.9,-0.1,76,2.8
31,31,Manipur,178,1,2.1,2.3,-0.2,15,0.0
32,32,Meghalaya,275,0,4.3,2.6,-0.2,27,0.1
33,33,Mizoram,92,1,1.4,1.2,0.1,33,0.0
34,34,Nagaland,118,2,1.8,1.9,-0.3,13,0.0
35,35,Tripura,208,7,2.9,2.6,-0.9,78,0.0
