,Unnamed: 0,States,"Max.Demand
Met during the 
day(MW)","Shortage during
maximum 
Demand(MW)","Energy Met
(MU)","Drawal
Schedule
(MU)","OD(+)/UD(-)
(MU)","Max OD
(MW)","Energy
Shortage 
(MU)"
0,0,Punjab,7833,0,175.9,140.0,0.2,177,0.0
1,1,Haryana,7883,0,162.7,122.2,0.7,248,0.0
2,2,Rajasthan,11967,0,249.6,85.3,0.1,400,0.0
3,3,Delhi,5331,0,101.5,84.6,-3.6,64,0.0
4,4,UP,21331,0,426.5,191.8,-1.0,344,0.0
5,5,Uttarakhand,1635,0,36.1,17.2,1.0,166,0.0
6,6,HP,1224,0,24.5,0.0,1.5,182,0.0
7,7,J&K(UT) & Ladakh(UT),2200,550,47.4,21.0,3.4,327,11.1
8,8,Chandigarh,261,0,5.0,4.9,0.1,41,0.0
9,9,Chhattisgarh,3670,0,85.8,31.2,-0.4,164,0.0
10,10,Gujarat,14932,0,319.8,54.7,4.0,595,0.0
11,11,MP,9906,0,220.3,118.9,-1.6,321,0.0
12,12,Maharashtra,20959,0,457.9,156.4,1.2,753,0.0
13,13,Goa,493,0,10.6,10.3,-0.2,85,0.0
14,14,DD,200,0,4.4,4.0,0.4,26,0.0
15,15,DNH,393,0,9.0,8.8,0.2,24,0.0
16,16,AMNSIL,754,0,17.3,3.4,0.3,245,0.0
17,17,Andhra Pradesh,9955,0,191.6,99.5,0.6,622,0.0
18,18,Telangana,8428,0,177.1,67.8,0.5,419,0.0
19,19,Karnataka,10464,0,200.9,65.5,0.3,499,0.0
20,20,Kerala,3643,0,75.9,50.0,0.8,230,0.0
21,21,Tamil Nadu,13685,0,306.3,146.0,1.5,889,0.0
22,22,Puducherry,383,0,8.0,8.2,-0.2,31,0.0
23,23,Bihar,5308,0,105.8,97.2,0.4,308,0.0
24,24,DVC,2572,0,55.3,-40.2,1.5,361,0.0
25,25,Jharkhand,1425,0,28.3,23.7,-0.7,125,0.0
26,26,Odisha,4025,0,85.8,6.1,0.2,292,0.0
27,27,West Bengal,5673,0,113.4,34.5,-0.8,324,0.0
28,28,Sikkim,84,0,1.1,1.2,-0.1,15,0.0
29,29,Arunachal Pradesh,103,0,1.5,1.8,-0.2,12,0.0
30,30,Assam,1130,307,20.0,14.3,0.1,99,5.0
31,31,Manipur,179,2,2.4,2.3,0.1,21,0.0
32,32,Meghalaya,268,0,4.3,1.4,-0.6,87,0.1
33,33,Mizoram,93,0,1.7,1.4,0.1,8,0.0
34,34,Nagaland,113,1,2.1,2.0,0.0,8,0.0
35,35,Tripura,273,0,4.6,5.1,-0.6,40,0.0
