,States,"Max.Demand
Met during the 
day(MW)","Shortage during
maximum 
Demand(MW)","Energy Met
(MU)","Drawal
Schedule
(MU)","OD(+)/UD(-)
(MU)","Max OD
(MW)","Energy
Shortage 
(MU)"
0,Punjab,8097,0,184.3,147.2,-1.2,135,0.0
1,Haryana,7952,0,167.8,124.9,1.1,220,0.0
2,Rajasthan,11749,0,253.8,80.5,-0.8,520,0.0
3,Delhi,5421,0,106.9,90.4,-3.5,23,0.0
4,UP,20582,0,425.3,203.1,-1.2,366,0.0
5,Uttarakhand,1702,0,36.3,18.8,-0.3,106,0.0
6,HP,1242,0,25.4,1.9,-0.5,178,0.0
7,J&K(UT) & Ladakh(UT),2099,525,44.4,21.2,0.1,232,10.5
8,Chandigarh,284,0,5.4,5.6,-0.1,21,0.0
9,Chhattisgarh,3733,0,87.1,34.7,-0.6,168,0.0
10,Gujarat,15524,0,323.1,47.6,3.1,670,0.0
11,MP,10038,0,218.0,108.5,-2.1,601,0.0
12,Maharashtra,21122,0,462.7,163.7,2.5,792,0.0
13,Goa,492,0,10.9,10.5,-0.1,97,0.0
14,DD,218,0,4.7,4.4,0.3,30,0.0
15,DNH,410,0,9.3,9.2,0.1,21,0.0
16,AMNSIL,784,0,17.5,3.1,0.9,294,0.0
17,Andhra Pradesh,10071,0,193.5,103.2,-0.2,965,0.0
18,Telangana,8550,0,176.3,67.6,0.1,461,0.0
19,Karnataka,9671,0,187.3,60.5,1.3,511,0.0
20,Kerala,3658,0,77.4,51.6,0.8,181,0.0
21,Tamil Nadu,14343,0,318.9,154.0,0.0,659,0.0
22,Puducherry,410,0,8.3,8.4,-0.1,43,0.0
23,Bihar,5134,0,108.9,100.5,0.2,305,0.0
24,DVC,2625,0,56.6,-40.7,1.4,373,0.0
25,Jharkhand,1427,0,27.8,24.4,-1.9,95,0.0
26,Odisha,4154,0,86.7,7.5,0.6,268,0.0
27,West Bengal,6093,0,120.2,38.5,1.3,579,0.0
28,Sikkim,88,0,1.2,1.4,-0.2,10,0.0
29,Arunachal Pradesh,92,1,1.3,1.7,-0.4,20,0.0
30,Assam,910,200,15.7,11.4,-0.9,109,8.0
31,Manipur,180,1,1.8,2.3,-0.5,22,0.0
32,Meghalaya,269,0,3.7,0.1,0.0,23,0.1
33,Mizoram,85,1,1.3,1.4,-0.2,7,0.0
34,Nagaland,96,1,1.6,1.6,-0.1,19,0.0
35,Tripura,259,5,3.9,4.5,-0.9,28,0.0
