,States,"Max.Demand
Met during the 
day(MW)","Shortage during
maximum 
Demand(MW)","Energy Met
(MU)","Drawal
Schedule
(MU)","OD(+)/UD(-)
(MU)","Max OD
(MW)","Energy
Shortage 
(MU)"
0,Punjab,4534,0,87.5,66.1,-1.4,110,0.0
1,Haryana,5280,0,87.9,75.3,-2.3,248,0.0
2,Rajasthan,8269,0,164.0,59.5,-0.2,472,0.0
3,Delhi,3072,0,57.8,48.6,-2.6,0,0.0
4,UP,13209,0,235.1,111.3,-3.8,402,0.0
5,Uttarakhand,968,0,19.2,6.0,-2.9,71,0.0
6,HP,785,0,13.6,-1.4,-2.3,49,0.0
7,J&K(UT) & Ladakh(UT),2190,548,41.8,26.9,-1.1,128,9.9
8,Chandigarh,137,0,2.7,3.0,-0.3,7,0.0
9,Chhattisgarh,2946,0,67.7,14.4,-2.1,189,0.0
10,Gujarat,12557,0,277.2,75.8,3.8,667,0.0
11,MP,8528,0,175.7,93.5,-2.9,434,0.0
12,Maharashtra,17969,0,404.6,172.3,-1.0,353,0.0
13,Goa,417,0,8.7,8.5,-0.1,39,0.1
14,DD,122,0,2.8,2.7,0.1,370,0.0
15,DNH,181,0,4.0,4.0,0.0,326,0.0
16,AMNSIL,335,0,1.8,1.4,0.4,161,0.0
17,Andhra Pradesh,7579,0,148.6,80.5,-0.3,339,0.0
18,Telangana,6576,0,140.0,58.6,0.0,362,0.0
19,Karnataka,10240,0,196.3,58.3,0.8,623,0.0
20,Kerala,2996,0,63.9,46.4,0.7,184,0.0
21,Tamil Nadu,10030,0,228.7,172.3,-2.1,515,0.0
22,Puducherry,253,0,4.5,5.5,-1.0,42,0.0
23,Bihar,3949,0,67.3,69.4,-2.6,323,0.0
24,DVC,1509,0,28.8,-17.6,-0.7,277,0.0
25,Jharkhand,1224,0,20.4,13.6,-1.5,132,0.0
26,Odisha,2944,0,59.5,-12.5,0.8,236,0.0
27,West Bengal,5153,0,98.4,33.0,0.5,420,0.0
28,Sikkim,88,0,1.1,1.2,-0.2,22,0.0
29,Arunachal Pradesh,110,1,1.4,1.2,0.2,18,0.0
30,Assam,1201,48,19.1,15.5,0.5,108,1.7
31,Manipur,157,1,1.9,2.2,-0.4,22,0.0
32,Meghalaya,251,0,4.3,2.4,-0.2,27,0.1
33,Mizoram,98,1,1.5,1.3,0.1,10,0.0
34,Nagaland,121,1,2.0,1.9,0.0,14,0.0
35,Tripura,194,3,2.8,2.1,-0.7,27,0.0
