,States,"Max.Demand
Met during the 
day(MW)","Shortage during
maximum 
Demand(MW)","Energy Met
(MU)","Drawal
Schedule
(MU)","OD(+)/UD(-)
(MU)","Max OD
(MW)","Energy
Shortage 
(MU)"
0,Punjab,4154,0,81.5,59.8,-1.7,85,0.0
1,Haryana,4925,0,86.6,74.0,1.4,226,0.0
2,Rajasthan,7845,0,165.4,60.2,-0.5,357,0.0
3,Delhi,2641,0,51.2,45.7,-2.6,0,0.0
4,UP,13723,0,222.1,99.2,-0.6,584,0.0
5,Uttarakhand,1044,0,20.1,4.4,-0.4,105,0.0
6,HP,845,0,14.0,-1.4,-2.0,401,0.0
7,J&K(UT) & Ladakh(UT),2078,519,40.8,27.1,-1.1,270,9.2
8,Chandigarh,135,0,2.6,3.1,-0.5,1,0.0
9,Chhattisgarh,2857,0,64.1,13.4,-0.3,256,0.0
10,Gujarat,12787,0,286.2,80.5,4.7,812,0.0
11,MP,7848,0,168.3,93.2,-1.7,329,0.0
12,Maharashtra,18675,0,405.7,175.6,2.0,459,0.0
13,Goa,456,0,9.7,9.5,-0.1,59,0.0
14,DD,145,0,3.1,3.0,0.1,23,0.0
15,DNH,211,0,4.7,4.7,0.0,33,0.0
16,AMNSIL,344,0,2.1,2.0,0.1,133,0.0
17,Andhra Pradesh,7383,0,150.9,69.4,0.4,392,0.0
18,Telangana,6433,0,137.0,59.2,-1.1,366,0.0
19,Karnataka,10188,0,201.7,57.1,0.4,521,0.0
20,Kerala,3636,0,66.2,45.8,0.6,198,0.0
21,Tamil Nadu,10172,0,230.9,168.4,-0.1,627,0.0
22,Puducherry,278,0,5.2,5.6,-0.4,51,0.0
23,Bihar,4155,0,71.9,72.3,-0.9,210,0.0
24,DVC,3206,0,30.4,-17.8,1.5,416,0.0
25,Jharkhand,1079,0,20.4,13.9,-1.8,147,0.0
26,Odisha,3107,0,63.0,-9.2,0.3,250,0.0
27,West Bengal,5004,0,97.7,33.1,1.4,211,0.0
28,Sikkim,105,0,1.4,1.5,-0.2,37,0.0
29,Arunachal Pradesh,109,1,2.0,1.0,0.8,125,0.0
30,Assam,1147,101,19.6,16.2,0.3,122,0.8
31,Manipur,172,1,2.3,2.3,0.0,32,0.0
32,Meghalaya,249,0,4.1,2.4,-0.1,67,0.1
33,Mizoram,98,1,1.6,1.3,0.2,14,0.0
34,Nagaland,110,1,2.0,1.9,-0.1,12,0.0
35,Tripura,237,3,3.4,3.2,-0.9,24,0.0
