,States,"Max.Demand
Met during the 
day(MW)","Shortage during
maximum 
Demand(MW)","Energy Met
(MU)","Drawal
Schedule
(MU)","OD(+)/UD(-)
(MU)","Max OD
(MW)","Energy
Shortage 
(MU)"
0,Punjab,8197,0,182.7,139.7,-1.1,147,0.0
1,Haryana,7602,0,168.2,129.9,1.1,257,0.0
2,Rajasthan,11961,0,260.7,78.6,-0.1,452,0.0
3,Delhi,5423,0,110.4,93.2,-2.6,119,0.4
4,UP,19763,0,395.3,192.0,-0.1,541,0.0
5,Uttarakhand,1762,0,35.5,18.2,-0.3,213,0.0
6,HP,1312,0,25.6,1.0,1.1,140,0.0
7,J&K(UT) & Ladakh(UT),2112,528,41.3,18.5,1.4,440,10.0
8,Chandigarh,297,0,5.5,5.7,-0.2,40,0.0
9,Chhattisgarh,3736,0,86.7,36.0,-0.9,138,0.0
10,Gujarat,15075,0,321.1,48.2,3.5,777,0.0
11,MP,9956,0,218.3,103.6,-1.8,409,0.0
12,Maharashtra,20946,0,460.7,169.5,-0.5,563,0.0
13,Goa,480,0,10.8,10.5,-0.2,34,0.0
14,DD,223,0,4.8,4.5,0.3,32,0.0
15,DNH,413,0,9.2,9.3,-0.1,3,0.0
16,AMNSIL,776,0,17.3,4.2,0.1,248,0.0
17,Andhra Pradesh,10101,0,194.8,100.8,0.5,521,0.0
18,Telangana,8598,0,176.9,69.9,0.5,503,0.0
19,Karnataka,9649,0,187.0,59.8,1.6,633,0.0
20,Kerala,3639,0,77.7,53.7,1.2,211,0.0
21,Tamil Nadu,14258,0,324.6,153.2,-2.0,658,0.0
22,Puducherry,390,0,8.2,8.6,-0.4,44,0.0
23,Bihar,4803,0,79.3,79.0,-5.9,284,0.0
24,DVC,2621,0,53.8,-33.3,1.0,323,0.0
25,Jharkhand,1342,0,24.4,18.5,-2.9,78,0.0
26,Odisha,4163,0,88.2,11.5,1.2,293,0.0
27,West Bengal,6036,0,104.5,34.8,1.2,470,0.0
28,Sikkim,95,0,1.2,1.5,-0.3,11,0.0
29,Arunachal Pradesh,102,1,1.4,1.6,-0.2,21,0.0
30,Assam,1245,40,17.8,13.1,0.1,89,0.0
31,Manipur,167,2,1.8,1.9,-0.1,27,0.0
32,Meghalaya,280,0,4.2,0.3,-0.2,29,0.0
33,Mizoram,92,1,1.6,1.1,0.3,9,0.0
34,Nagaland,110,1,1.8,1.6,0.1,19,0.0
35,Tripura,220,2,1.9,2.8,-1.4,38,0.1
