,States,"Max.Demand
Met during the 
day(MW)","Shortage during
maximum 
Demand(MW)","Energy Met
(MU)","Drawal
Schedule
(MU)","OD(+)/UD(-)
(MU)","Max OD
(MW)","Energy
Shortage 
(MU)"
0,Punjab,7548,0,150.3,120.4,-8.6,92,0.0
1,Haryana,7015,0,139.3,115.1,-3.6,353,0.0
2,Rajasthan,11745,0,249.4,66.1,0.1,530,0.0
3,Delhi,5403,0,105.6,89.0,-1.8,362,0.0
4,UP,17432,0,350.0,161.8,2.8,1099,0.0
5,Uttarakhand,1624,0,34.1,15.3,1.5,327,0.0
6,HP,1274,0,24.2,0.6,0.5,187,0.0
7,J&K(UT) & Ladakh(UT),2024,506,43.3,20.3,0.0,233,10.3
8,Chandigarh,270,0,5.0,5.5,-0.5,10,0.0
9,Chhattisgarh,3675,0,90.0,36.0,2.4,247,0.0
10,Gujarat,15264,0,321.5,62.0,4.1,573,0.0
11,MP,9660,0,210.9,96.0,-0.7,421,0.0
12,Maharashtra,21288,0,457.3,152.7,-0.2,598,0.0
13,Goa,477,0,10.7,10.4,-0.2,34,0.0
14,DD,207,0,4.6,4.4,0.2,26,0.0
15,DNH,412,0,9.4,9.3,0.1,48,0.0
16,AMNSIL,742,0,16.8,3.8,0.1,230,0.0
17,Andhra Pradesh,10062,0,195.4,92.0,0.4,531,0.0
18,Telangana,8752,0,180.5,70.9,1.2,712,0.0
19,Karnataka,9672,0,192.1,60.2,1.5,772,0.0
20,Kerala,3419,0,74.3,51.4,0.7,237,0.0
21,Tamil Nadu,13876,0,307.0,147.6,-0.8,790,0.0
22,Puducherry,369,0,7.8,8.3,-0.5,34,0.0
23,Bihar,4812,0,79.0,79.1,-4.9,262,0.0
24,DVC,2505,0,51.7,-29.2,0.2,326,0.0
25,Jharkhand,1146,0,22.2,16.6,-2.7,106,0.0
26,Odisha,4035,0,79.3,7.8,0.0,296,0.0
27,West Bengal,4921,0,89.8,30.0,0.1,416,0.0
28,Sikkim,99,0,1.3,1.5,-0.2,15,0.0
29,Arunachal Pradesh,90,1,1.6,1.5,0.1,35,0.0
30,Assam,1460,22,23.4,18.9,0.5,187,0.0
31,Manipur,164,2,2.2,2.2,0.0,34,0.0
32,Meghalaya,323,1,4.8,0.3,-0.1,48,0.0
33,Mizoram,87,0,1.3,1.2,0.0,13,0.0
34,Nagaland,119,0,2.1,1.7,0.0,11,0.0
35,Tripura,241,2,3.2,3.2,-0.6,27,0.0
