,States,"Max.Demand
Met during the 
day(MW)","Shortage during
maximum 
Demand(MW)","Energy Met
(MU)","Drawal
Schedule
(MU)","OD(+)/UD(-)
(MU)","Max OD
(MW)","Energy
Shortage 
(MU)"
0,Punjab,4661,0,89.6,66.4,-1.0,83,0.0
1,Haryana,5688,0,93.4,81.4,0.8,247,0.0
2,Rajasthan,8431,0,180.1,65.1,1.4,527,0.0
3,Delhi,2947,0,58.4,48.4,-2.1,0,0.0
4,UP,13956,0,249.0,121.0,-0.5,709,0.0
5,Uttarakhand,1113,0,21.6,5.2,0.9,149,0.0
6,HP,841,0,14.7,-2.2,-1.0,74,0.0
7,J&K(UT) & Ladakh(UT),2163,541,41.5,26.7,-1.2,169,9.8
8,Chandigarh,138,0,2.6,2.8,-0.3,14,0.0
9,Chhattisgarh,2966,0,67.5,16.1,-1.5,742,0.0
10,Gujarat,13114,0,291.0,78.8,5.0,667,0.0
11,MP,8355,0,182.2,104.9,-1.8,384,0.0
12,Maharashtra,18629,0,408.1,174.7,3.7,450,0.0
13,Goa,469,0,9.3,9.7,-0.7,46,0.0
14,DD,156,0,3.3,3.2,0.1,23,0.0
15,DNH,234,0,5.1,5.2,-0.1,34,0.0
16,AMNSIL,301,0,1.6,1.5,0.0,114,0.0
17,Andhra Pradesh,7649,0,155.8,84.9,0.3,584,0.0
18,Telangana,6469,0,131.8,53.1,-0.4,382,0.0
19,Karnataka,10301,0,206.8,59.6,0.8,918,0.0
20,Kerala,3416,0,68.5,45.3,1.0,211,0.0
21,Tamil Nadu,10205,0,236.3,172.4,1.4,462,0.0
22,Puducherry,278,0,5.4,5.6,-0.2,99,0.0
23,Bihar,3893,0,67.1,67.2,-0.7,249,0.0
24,DVC,1499,0,30.1,-20.1,0.2,281,0.0
25,Jharkhand,1214,0,20.3,15.9,-1.3,201,0.0
26,Odisha,3682,0,66.1,-11.8,0.1,753,0.0
27,West Bengal,4758,0,91.6,28.4,-1.9,219,0.0
28,Sikkim,105,0,1.3,1.5,-0.2,20,0.0
29,Arunachal Pradesh,106,0,1.5,1.1,0.4,42,0.0
30,Assam,1270,53,19.9,16.7,0.2,111,0.7
31,Manipur,163,3,2.1,2.3,-0.1,36,0.0
32,Meghalaya,263,0,4.2,2.8,-0.2,56,0.1
33,Mizoram,95,1,1.4,1.3,-0.1,16,0.0
34,Nagaland,119,0,2.1,2.0,-0.1,9,0.0
35,Tripura,213,6,3.4,3.1,-0.6,63,0.0
