,States,"Max.Demand
Met during the 
day(MW)","Shortage during
maximum 
Demand(MW)","Energy Met
(MU)","Drawal
Schedule
(MU)","OD(+)/UD(-)
(MU)","Max OD
(MW)","Energy
Shortage 
(MU)"
0,Punjab,4725,0,96.5,72.0,-0.6,70,0.0
1,Haryana,6206,0,102.4,88.3,1.7,272,0.3
2,Rajasthan,9060,68,188.8,66.1,0.5,1000,0.0
3,Delhi,3174,0,63.0,53.3,-2.4,0,0.0
4,UP,15968,0,276.4,130.2,1.1,1034,1.4
5,Uttarakhand,1129,0,22.6,6.3,0.1,87,0.0
6,HP,892,0,15.6,-2.6,-1.4,127,0.0
7,J&K(UT) & Ladakh(UT),2120,530,41.8,22.8,-0.6,156,9.9
8,Chandigarh,147,0,2.8,3.1,-0.3,12,0.0
9,Chhattisgarh,3006,0,68.2,17.8,-1.3,191,0.0
10,Gujarat,13071,0,294.3,78.6,4.6,527,0.0
11,MP,8537,0,186.1,109.7,-1.0,270,0.0
12,Maharashtra,18392,0,408.8,170.6,1.4,555,0.0
13,Goa,472,0,10.0,9.8,-0.1,39,0.0
14,DD,157,0,3.4,3.3,0.2,25,0.0
15,DNH,247,0,5.4,5.4,0.0,29,0.0
16,AMNSIL,304,0,1.5,1.4,0.1,151,0.0
17,Andhra Pradesh,6866,0,142.2,73.6,-0.1,634,0.0
18,Telangana,6003,0,130.5,53.9,0.9,402,0.0
19,Karnataka,9176,0,184.0,58.0,-0.5,592,0.0
20,Kerala,3444,0,65.4,45.2,0.5,211,0.0
21,Tamil Nadu,10014,0,221.8,169.8,-1.7,458,0.0
22,Puducherry,286,0,5.4,5.8,-0.4,24,0.0
23,Bihar,4452,0,74.1,73.9,-0.4,256,0.0
24,DVC,1923,0,30.8,-23.2,0.9,423,0.0
25,Jharkhand,1291,0,21.4,14.1,-1.2,95,0.0
26,Odisha,3207,0,65.5,-13.2,0.8,465,0.0
27,West Bengal,5443,0,97.1,30.9,0.8,240,0.0
28,Sikkim,113,0,1.3,1.5,-0.2,15,0.0
29,Arunachal Pradesh,104,1,1.5,1.1,0.3,38,0.0
30,Assam,1215,90,19.8,17.0,-0.1,75,1.8
31,Manipur,181,1,2.1,2.3,-0.2,24,0.0
32,Meghalaya,221,0,4.0,2.7,-0.3,35,0.1
33,Mizoram,93,1,1.4,1.4,-0.1,14,0.0
34,Nagaland,114,1,1.9,1.9,-0.3,11,0.0
35,Tripura,255,2,3.4,3.2,-0.7,76,0.0
