,States,"Max.Demand
Met during the 
day(MW)","Shortage during
maximum 
Demand(MW)","Energy Met
(MU)","Drawal
Schedule
(MU)","OD(+)/UD(-)
(MU)","Max OD
(MW)","Energy
Shortage 
(MU)"
0,Punjab,6532,0,134.0,107.1,-3.4,101,0.0
1,Haryana,5495,0,109.0,95.6,0.2,467,0.0
2,Rajasthan,11745,0,250.1,57.0,9.3,1259,0.0
3,Delhi,4381,0,88.4,75.8,-3.3,121,0.0
4,UP,16793,0,337.1,159.5,0.4,582,0.0
5,Uttarakhand,1523,0,33.8,16.0,0.2,155,0.0
6,HP,1294,0,24.7,2.1,0.7,230,0.0
7,J&K(UT) & Ladakh(UT),2166,542,44.1,18.3,2.7,422,10.5
8,Chandigarh,204,0,4.3,5.3,-1.0,0,0.0
9,Chhattisgarh,3532,0,82.5,33.0,-1.4,239,0.0
10,Gujarat,15461,0,323.9,77.2,3.5,570,0.0
11,MP,9120,0,203.7,91.5,-3.2,407,0.0
12,Maharashtra,21463,0,462.6,139.5,-0.2,1851,0.0
13,Goa,491,0,10.9,10.5,-0.1,33,0.0
14,DD,225,0,4.8,4.6,0.2,141,0.0
15,DNH,383,0,8.9,8.9,0.0,226,0.0
16,AMNSIL,769,0,17.4,2.4,0.3,247,0.0
17,Andhra Pradesh,9880,0,193.3,98.0,-0.5,396,0.0
18,Telangana,9114,0,182.4,73.5,0.6,394,0.0
19,Karnataka,10249,0,192.8,61.0,0.0,515,0.0
20,Kerala,3452,0,69.8,46.1,0.6,223,0.0
21,Tamil Nadu,13815,0,298.8,149.9,-2.4,475,0.0
22,Puducherry,381,0,7.9,8.3,-0.4,30,0.0
23,Bihar,5006,0,95.5,90.0,-0.1,256,0.0
24,DVC,2621,0,53.7,-30.9,0.7,274,0.0
25,Jharkhand,1398,0,23.4,16.8,-2.1,176,0.0
26,Odisha,3867,0,73.6,7.9,0.1,194,0.0
27,West Bengal,6363,0,113.9,39.2,3.9,520,0.0
28,Sikkim,92,0,1.2,1.4,-0.2,19,0.0
29,Arunachal Pradesh,112,0,1.9,1.6,0.3,50,0.0
30,Assam,1546,12,24.0,20.4,0.5,105,0.0
31,Manipur,179,0,2.5,2.3,0.2,33,0.0
32,Meghalaya,331,1,5.2,0.5,-0.1,65,0.0
33,Mizoram,91,0,1.4,1.4,-0.1,9,0.0
34,Nagaland,122,0,2.1,1.9,-0.1,14,0.0
35,Tripura,250,4,3.7,3.9,-0.7,32,0.0
