,States,"Max.Demand
Met during the 
day(MW)","Shortage during
maximum 
Demand(MW)","Energy Met
(MU)","Drawal
Schedule
(MU)","OD(+)/UD(-)
(MU)","Max OD
(MW)","Energy
Shortage 
(MU)"
0,Punjab,5277,0,103.4,77.7,-0.3,206,0.0
1,Haryana,6382,0,108.4,93.7,1.2,245,0.0
2,Rajasthan,9138,0,190.9,62.5,-2.5,437,0.0
3,Delhi,3309,0,66.1,57.0,-3.1,23,0.0
4,UP,15866,0,287.7,130.1,-0.2,950,0.0
5,Uttarakhand,1074,0,22.4,6.3,-0.2,131,0.0
6,HP,885,0,16.1,-2.7,-1.1,348,0.0
7,J&K(UT) & Ladakh(UT),2190,548,41.2,25.4,-0.3,389,9.8
8,Chandigarh,151,0,3.0,3.0,0.0,16,0.0
9,Chhattisgarh,3092,0,70.9,20.0,-0.8,388,0.0
10,Gujarat,13508,0,296.2,94.7,3.8,751,0.0
11,MP,8825,0,189.2,113.8,-1.5,362,0.0
12,Maharashtra,18381,0,405.1,176.6,0.4,416,0.0
13,Goa,465,0,10.1,9.9,-0.2,31,0.0
14,DD,159,0,3.5,3.4,0.1,50,0.0
15,DNH,262,0,5.7,5.7,0.0,42,0.0
16,AMNSIL,363,0,1.6,1.3,0.3,191,0.0
17,Andhra Pradesh,7191,0,151.3,83.5,-0.7,537,0.0
18,Telangana,6678,0,140.2,57.4,1.4,591,0.0
19,Karnataka,9758,0,189.7,58.1,-0.8,660,0.0
20,Kerala,3338,0,67.7,46.9,0.5,179,0.0
21,Tamil Nadu,10358,0,228.8,173.2,-0.3,680,0.0
22,Puducherry,283,0,5.7,6.0,-0.3,83,0.0
23,Bihar,4550,0,83.8,78.1,-0.1,230,0.0
24,DVC,1618,0,32.2,-24.2,0.8,365,0.0
25,Jharkhand,1221,0,22.5,14.8,-1.1,135,0.0
26,Odisha,3493,0,67.5,-17.5,0.3,220,0.0
27,West Bengal,5690,0,106.8,36.2,1.1,315,0.0
28,Sikkim,107,0,1.3,1.5,-0.2,18,0.0
29,Arunachal Pradesh,89,1,1.4,1.1,0.3,16,0.0
30,Assam,1338,41,21.5,18.3,0.4,95,1.5
31,Manipur,180,0,2.2,2.3,-0.1,39,0.0
32,Meghalaya,263,0,4.4,1.2,-0.3,48,0.1
33,Mizoram,86,1,1.4,1.4,-0.2,10,0.0
34,Nagaland,108,0,1.8,1.9,-0.2,13,0.0
35,Tripura,234,1,3.1,3.4,-1.2,30,0.0
