,Unnamed: 0,States,"Max.Demand
Met during the 
day(MW)","Shortage during
maximum 
Demand(MW)","Energy Met
(MU)","Drawal
Schedule
(MU)","OD(+)/UD(-)
(MU)","Max OD
(MW)","Energy
Shortage 
(MU)"
0,0,Punjab,6508,0,143.9,112.8,-1.5,365,0.0
1,1,Haryana,5668,0,119.6,105.9,0.1,267,0.0
2,2,Rajasthan,10488,0,197.7,57.8,-5.8,319,0.0
3,3,Delhi,4075,0,81.8,72.9,-2.8,96,0.0
4,4,UP,15513,0,311.1,156.6,0.1,584,0.0
5,5,Uttarakhand,1495,0,32.4,15.7,-0.5,81,0.0
6,6,HP,1254,0,23.4,0.0,1.4,382,0.0
7,7,J&K(UT) & Ladakh(UT),2065,516,42.2,18.6,0.6,219,10.0
8,8,Chandigarh,188,0,4.0,4.5,-0.6,1,0.0
9,9,Chhattisgarh,3501,0,74.6,24.5,-0.9,413,0.0
10,10,Gujarat,15578,0,326.6,80.2,4.6,824,0.0
11,11,MP,9314,0,206.1,94.9,0.1,732,0.0
12,12,Maharashtra,20844,0,461.3,147.6,6.7,1545,0.0
13,13,Goa,478,0,10.6,10.3,-0.2,68,0.0
14,14,DD,222,0,4.8,4.5,0.3,30,0.0
15,15,DNH,415,0,9.3,9.1,0.3,79,0.0
16,16,AMNSIL,771,0,17.6,1.4,0.4,233,0.0
17,17,Andhra Pradesh,9188,0,186.4,110.3,2.4,937,0.0
18,18,Telangana,7876,0,164.0,65.4,-1.4,422,0.0
19,19,Karnataka,9292,0,183.5,63.0,-0.1,519,0.0
20,20,Kerala,3197,0,70.5,46.7,0.5,197,0.0
21,21,Tamil Nadu,13611,0,306.6,153.4,-1.7,619,0.0
22,22,Puducherry,377,0,8.0,8.5,-0.6,32,0.0
23,23,Bihar,4826,0,91.0,86.1,-1.6,269,0.0
24,24,DVC,2523,0,53.2,-38.1,-0.1,239,0.0
25,25,Jharkhand,1303,0,24.9,17.2,-1.4,104,0.0
26,26,Odisha,3929,0,75.1,3.6,-0.9,175,0.0
27,27,West Bengal,6222,0,129.5,47.3,2.6,446,0.0
28,28,Sikkim,87,0,1.2,1.4,-0.2,16,0.0
29,29,Arunachal Pradesh,106,1,1.9,1.4,0.4,43,0.0
30,30,Assam,1553,3,25.6,21.2,0.2,147,0.0
31,31,Manipur,176,1,2.5,2.2,0.3,33,0.0
32,32,Meghalaya,325,0,5.4,0.7,-0.3,53,0.0
33,33,Mizoram,86,1,1.7,1.4,0.3,13,0.0
34,34,Nagaland,117,1,2.0,2.0,-0.2,8,0.0
35,35,Tripura,242,2,3.6,3.8,-0.6,19,0.0
