,Unnamed: 0,States,"Max.Demand
Met during the 
day(MW)","Shortage during
maximum 
Demand(MW)","Energy Met
(MU)","Drawal
Schedule
(MU)","OD(+)/UD(-)
(MU)","Max OD
(MW)","Energy
Shortage 
(MU)"
0,0,Punjab,5804,0,127.5,97.6,0.2,271,0.0
1,1,Haryana,4910,0,96.1,85.6,-2.0,236,0.0
2,2,Rajasthan,8977,0,186.9,54.9,-3.1,386,0.0
3,3,Delhi,4096,0,73.3,64.7,-3.2,68,0.0
4,4,UP,16035,0,282.0,141.9,0.1,702,0.0
5,5,Uttarakhand,1363,0,28.2,12.3,-0.9,91,0.0
6,6,HP,1052,0,19.6,-1.3,-2.1,108,0.0
7,7,J&K(UT) & Ladakh(UT),2165,541,41.8,18.6,0.1,181,10.0
8,8,Chandigarh,156,0,3.4,4.0,-0.6,3,0.0
9,9,Chhattisgarh,3423,0,73.9,29.1,-1.1,399,0.0
10,10,Gujarat,15123,0,319.2,98.9,5.5,838,0.0
11,11,MP,9227,0,204.8,107.0,-2.4,450,0.0
12,12,Maharashtra,20145,0,443.4,161.2,-6.8,1511,0.0
13,13,Goa,447,0,9.1,8.5,0.1,54,0.0
14,14,DD,198,0,4.4,4.2,0.2,20,0.0
15,15,DNH,399,0,9.1,9.1,0.0,46,0.0
16,16,AMNSIL,804,0,16.0,1.1,0.5,251,0.0
17,17,Andhra Pradesh,9317,0,184.1,115.4,0.6,776,0.0
18,18,Telangana,7374,0,145.9,55.5,0.6,708,0.0
19,19,Karnataka,8727,0,168.5,60.9,0.7,699,0.0
20,20,Kerala,3144,0,63.5,42.8,-0.4,194,0.0
21,21,Tamil Nadu,12721,0,288.5,134.8,-3.0,380,0.0
22,22,Puducherry,349,0,7.2,7.4,-0.3,37,0.0
23,23,Bihar,4833,0,78.0,73.8,-1.1,245,0.0
24,24,DVC,2337,0,48.3,-27.1,-1.5,215,0.0
25,25,Jharkhand,1126,0,21.2,13.9,-0.9,197,0.0
26,26,Odisha,4109,0,84.9,7.2,1.4,435,0.0
27,27,West Bengal,6246,0,120.4,34.7,3.8,395,0.0
28,28,Sikkim,72,0,0.9,1.1,-0.2,22,0.0
29,29,Arunachal Pradesh,106,1,2.0,1.7,0.3,89,0.0
30,30,Assam,1492,89,25.1,19.7,1.9,139,0.6
31,31,Manipur,181,1,2.2,2.3,-0.1,21,0.0
32,32,Meghalaya,324,0,5.5,1.1,-0.3,48,0.0
33,33,Mizoram,84,1,1.7,1.4,0.2,10,0.0
34,34,Nagaland,114,1,2.2,2.0,0.0,32,0.0
35,35,Tripura,249,0,4.1,4.0,0.1,27,0.0
