,States,"Max. Demand 
Met during the 
day (MW)","Shortage during 
maximum 
Demand (MW)",Energy Met (MU),"Drawal 
Schedule (MU)","OD(+)/UD(-) 
(MU)","Max OD 
(MW)","Energy 
Shortage (MU)"
0,Punjab,5189,0,105.9,38.4,-1.5,51,0.0
1,Haryana,5801,0,111.9,81.5,0.6,203,0.0
2,Rajasthan,11235,0,223.6,62.9,-0.3,426,0.0
3,Delhi,3695,0,63.0,58.6,-0.9,192,0.0
4,UP,13470,790,258.0,118.0,0.5,259,0.0
5,Uttarakhand,1934,0,36.8,22.9,-0.3,139,0.2
6,HP,1637,0,30.4,23.2,0.3,114,0.1
7,J&K,2409,602,48.8,42.5,-1.4,167,11.5
8,Chandigarh,206,0,3.4,3.6,-0.2,14,0.0
9,Chhattisgarh,4055,0,92.3,36.5,-1.3,299,0.0
10,Gujarat,14475,0,322.6,88.8,2.6,972,0.0
11,MP,12323,0,223.5,97.5,0.5,716,0.0
12,Maharashtra,20456,0,431.1,132.8,0.7,589,0.0
13,Goa,467,0,10.0,9.2,0.2,59,0.0
14,DD,318,0,7.2,6.9,0.3,38,0.0
15,DNH,748,0,17.3,17.2,0.1,70,0.0
16,Essar steel,297,0,4.3,3.2,1.1,345,0.0
17,Andhra Pradesh,8468,0,190.8,68.2,0.2,385,0.0
18,Telangana,9910,0,214.6,102.5,0.3,500,0.0
19,Karnataka,11846,0,247.3,86.5,-0.9,471,0.0
20,Kerala,3713,0,77.6,62.7,0.6,165,0.0
21,Tamil Nadu,15484,0,334.6,184.3,-0.7,502,0.0
22,Pondy,376,0,7.8,8.1,-0.3,33,0.0
23,Bihar,3995,0,70.7,66.1,0.9,460,0.0
24,DVC,2989,0,64.4,-51.1,0.6,396,0.0
25,Jharkhand,1074,0,23.3,18.3,0.2,169,0.0
26,Odisha,4507,0,86.2,30.9,0.6,267,0.0
27,West Bengal,6402,0,113.0,23.0,1.1,309,0.0
28,Sikkim,100,0,1.5,1.6,-0.1,18,0.0
29,Arunachal Pradesh,123,2,2.1,2.4,-0.3,23,0.0
30,Assam,1421,54,23.6,18.8,0.4,121,1.0
31,Manipur,192,3,2.7,2.6,0.1,14,0.0
32,Meghalaya,355,0,6.8,5.0,0.2,50,0.0
33,Mizoram,97,2,1.8,1.5,0.2,10,0.0
34,Nagaland,126,1,2.2,1.8,0.3,28,0.0
35,Tripura,233,1,3.7,1.5,0.0,38,0.0
