,States,"Max. Demand 
Met during the 
day (MW)","Shortage during 
maximum 
Demand (MW)",Energy Met (MU),"Drawal 
Schedule (MU)","OD(+)/UD(-) 
(MU)","Max OD 
(MW)","Energy 
Shortage (MU)"
0,Punjab,5591,0,119.0,46.8,-1.0,79,0.0
1,Haryana,6388,143,116.7,90.2,0.6,176,0.4
2,Rajasthan,9395,0,197.5,51.3,-2.0,196,0.0
3,Delhi,4119,0,85.6,70.1,-0.9,87,0.0
4,UP,16968,0,316.2,140.0,0.9,787,0.0
5,Uttarakhand,1673,0,34.6,12.8,-0.9,80,0.0
6,HP,1313,0,25.4,8.2,0.9,138,0.0
7,J&K,1931,483,41.3,31.8,-2.4,229,9.7
8,Chandigarh,182,0,3.7,4.3,-0.6,13,0.0
9,Chhattisgarh,4499,0,102.8,47.8,-1.8,443,0.3
10,Gujarat,16877,0,378.0,111.8,3.1,583,0.0
11,MP,9134,0,197.6,81.7,0.3,628,0.0
12,Maharashtra,22436,0,497.4,141.7,-0.8,739,0.0
13,Goa,479,0,12.0,10.7,0.8,55,0.3
14,DD,330,0,7.5,7.0,0.5,54,0.0
15,DNH,808,0,18.7,18.4,0.3,138,0.0
16,Essar steel,263,0,5.3,5.8,-0.5,170,0.0
17,Andhra Pradesh,8760,0,191.4,57.0,0.1,465,0.0
18,Telangana,9172,0,204.0,77.2,-1.5,363,0.0
19,Karnataka,12412,0,235.1,77.6,-0.5,488,0.0
20,Kerala,4117,0,85.7,62.4,1.2,199,0.0
21,Tamil Nadu,15401,0,349.6,190.9,-0.7,443,0.0
22,Pondy,417,0,8.6,8.7,-0.1,40,0.0
23,Bihar,4601,0,79.5,73.2,1.1,150,0.0
24,DVC,3028,0,63.8,-48.2,-0.5,250,0.0
25,Jharkhand,940,0,18.7,12.8,0.1,100,0.0
26,Odisha,4159,0,85.9,27.7,0.7,300,0.0
27,West Bengal,7742,0,138.4,46.5,-0.8,100,0.0
28,Sikkim,100,0,1.3,1.6,-0.3,20,0.0
29,Arunachal Pradesh,102,4,2.0,2.1,0.0,29,0.0
30,Assam,1302,50,21.3,17.5,0.0,121,2.9
31,Manipur,160,6,2.6,2.2,0.4,26,0.0
32,Meghalaya,338,0,5.9,4.6,0.2,42,0.3
33,Mizoram,95,3,1.7,1.3,0.1,22,0.0
34,Nagaland,138,3,2.0,1.9,0.1,16,0.0
35,Tripura,212,12,3.2,2.4,-0.2,91,0.2
