,States,"Max. Demand 
Met during the 
day (MW)","Shortage during 
maximum 
Demand (MW)",Energy Met (MU),"Drawal 
Schedule (MU)","OD(+)/UD(-) 
(MU)","Max OD 
(MW)","Energy 
Shortage (MU)"
0,Punjab,6370,0,124.5,48.0,-0.8,41,0.0
1,Haryana,6082,0,123.4,76.3,0.3,210,0.0
2,Rajasthan,10898,0,220.5,69.3,-0.6,263,0.0
3,Delhi,3387,0,61.6,39.8,-1.2,209,0.0
4,UP,13937,230,289.0,124.5,-0.2,509,0.0
5,Uttarakhand,1811,0,35.5,23.0,0.2,132,0.0
6,HP,1507,0,26.6,17.8,0.5,154,0.1
7,J&K,2206,552,46.2,37.6,0.1,236,10.9
8,Chandigarh,175,0,3.0,3.3,-0.3,7,0.0
9,Chhattisgarh,4009,0,81.1,21.4,-2.2,577,0.0
10,Gujarat,15539,0,342.9,105.9,5.4,785,0.0
11,MP,10402,0,203.6,84.7,0.6,668,0.0
12,Maharashtra,21568,0,457.5,145.7,2.3,470,0.0
13,Goa,499,20,9.8,9.7,0.1,77,0.1
14,DD,321,0,7.3,7.0,0.2,81,0.0
15,DNH,795,0,18.3,18.3,0.0,94,0.0
16,Essar steel,541,0,11.2,10.7,0.5,289,0.0
17,Andhra Pradesh,8665,0,192.4,62.5,0.3,561,0.0
18,Telangana,9913,0,225.2,96.4,-0.8,527,0.0
19,Karnataka,12380,0,247.7,74.0,0.9,767,0.0
20,Kerala,3889,100,80.3,54.4,1.0,208,0.0
21,Tamil Nadu,15692,0,338.2,185.2,-0.3,575,0.0
22,Pondy,379,30,7.9,8.1,-0.2,64,0.1
23,Bihar,4298,0,76.7,72.5,-1.6,460,0.0
24,DVC,3171,0,66.0,-48.6,0.5,396,0.0
25,Jharkhand,1118,0,20.6,14.2,-0.8,169,0.0
26,Odisha,4139,0,75.7,32.5,1.4,267,0.0
27,West Bengal,7357,0,129.3,32.6,1.9,309,0.0
28,Sikkim,86,0,0.9,1.3,-0.3,18,0.0
29,Arunachal Pradesh,107,2,2.2,1.9,0.3,59,0.0
30,Assam,1415,80,23.7,20.1,0.2,128,0.9
31,Manipur,169,2,2.4,2.4,0.1,26,0.0
32,Meghalaya,342,0,6.1,5.3,0.0,56,0.0
33,Mizoram,94,2,1.8,1.4,0.2,6,0.0
34,Nagaland,113,2,2.1,1.9,0.2,19,0.0
35,Tripura,249,4,3.9,2.0,-0.6,52,0.0
