,States,"Max. Demand 
Met during the 
day (MW)","Shortage during 
maximum 
Demand (MW)",Energy Met (MU),"Drawal 
Schedule (MU)","OD(+)/UD(-) 
(MU)","Max OD 
(MW)","Energy 
Shortage (MU)"
0,Punjab,12478,0,274.1,134.3,-2.3,180,0.0
1,Haryana,10029,0,219.4,151.8,0.2,211,0.0
2,Rajasthan,11164,0,248.5,74.0,0.9,463,0.0
3,Delhi,6553,0,135.1,114.5,-0.3,245,0.0
4,UP,19963,1130,416.9,187.8,2.4,570,0.0
5,Uttarakhand,2115,0,46.5,16.5,1.0,150,0.0
6,HP,1489,3,30.8,1.9,-0.2,64,0.0
7,J&K,2151,538,45.8,21.2,-0.9,203,10.8
8,Chandigarh,343,0,6.5,7.1,-0.6,-7,0.0
9,Chhattisgarh,3883,0,90.5,37.5,-2.3,367,0.0
10,Gujarat,14926,0,330.8,66.6,5.1,437,0.0
11,MP,8395,0,192.8,103.4,-0.1,480,0.0
12,Maharashtra,20395,0,458.8,133.7,0.4,909,0.0
13,Goa,541,0,12.4,11.1,0.6,60,0.0
14,DD,345,0,7.7,7.4,0.4,103,0.0
15,DNH,812,0,18.9,19.1,-0.2,150,0.0
16,Essar steel,330,0,6.0,5.9,0.1,287,0.0
17,Andhra Pradesh,8246,0,179.0,19.0,-0.1,491,0.0
18,Telangana,7316,0,162.2,41.7,-0.1,732,0.0
19,Karnataka,10260,0,198.1,64.3,1.7,789,0.0
20,Kerala,3730,0,74.2,61.3,2.0,339,0.0
21,Tamil Nadu,14038,0,330.3,138.2,1.7,685,0.0
22,Pondy,411,0,8.6,8.9,-0.3,53,0.0
23,Bihar,5399,0,99.1,97.1,-2.0,450,0.0
24,DVC,3029,0,66.1,-42.8,0.6,200,0.0
25,Jharkhand,1000,0,24.3,17.1,-1.7,150,0.0
26,Odisha,5055,0,97.7,42.6,1.8,400,0.0
27,West Bengal,9147,0,181.6,74.5,-0.6,300,0.0
28,Sikkim,92,0,1.2,1.2,-0.1,50,0.0
29,Arunachal Pradesh,132,2,2.3,2.6,-0.3,53,0.0
30,Assam,1634,186,27.7,22.9,0.6,101,4.5
31,Manipur,139,2,2.4,2.3,0.1,25,0.0
32,Meghalaya,319,0,5.3,2.1,0.2,139,0.0
33,Mizoram,95,0,1.8,1.5,0.1,9,0.0
34,Nagaland,129,2,2.5,2.5,-0.1,26,0.0
35,Tripura,283,1,5.1,4.7,0.2,89,0.0
