,States,"Max. Demand 
Met during the 
day (MW)","Shortage during 
maximum 
Demand (MW)",Energy Met (MU),"Drawal 
Schedule (MU)","OD(+)/UD(-) 
(MU)","Max OD 
(MW)","Energy 
Shortage (MU)"
0,Punjab,6283,0,129.8,49.3,-2.0,315,0.0
1,Haryana,6065,0,126.3,74.1,-0.2,113,0.0
2,Rajasthan,10023,0,214.8,55.2,-0.3,262,0.0
3,Delhi,3456,0,67.4,59.7,0.4,317,0.0
4,UP,14968,0,308.6,126.1,0.8,263,1.3
5,Uttarakhand,1784,0,24.0,14.4,-0.2,102,0.0
6,HP,1410,0,25.5,15.1,-0.4,49,0.0
7,J&K,2245,561,44.4,37.2,-2.2,335,10.5
8,Chandigarh,174,0,3.2,3.5,-0.3,1,0.0
9,Chhattisgarh,4283,0,97.2,39.5,-0.9,314,1.0
10,Gujarat,16129,0,364.6,108.0,1.9,575,0.0
11,MP,9949,0,204.8,86.8,-2.0,373,0.0
12,Maharashtra,22212,0,487.7,153.8,-2.6,629,0.0
13,Goa,502,0,12.4,10.9,0.9,67,0.0
14,DD,331,0,7.5,7.1,0.4,35,0.0
15,DNH,789,0,18.5,18.4,0.1,57,0.0
16,Essar steel,521,0,11.0,11.1,-0.1,287,0.0
17,Andhra Pradesh,8977,0,198.8,67.4,-0.2,433,0.0
18,Telangana,10154,0,225.6,96.2,-0.4,420,0.0
19,Karnataka,12729,0,254.3,89.7,1.9,948,0.0
20,Kerala,4132,0,86.7,62.3,1.0,281,0.0
21,Tamil Nadu,15325,0,346.0,193.7,-0.4,407,0.0
22,Pondy,398,0,8.5,8.6,-0.1,38,0.0
23,Bihar,4426,0,78.7,74.3,1.0,300,0.0
24,DVC,3276,0,68.9,-54.1,0.1,150,0.0
25,Jharkhand,1209,0,23.8,20.6,0.9,180,0.0
26,Odisha,4255,0,90.5,30.1,0.5,250,0.0
27,West Bengal,8498,0,160.1,44.6,-0.1,50,0.0
28,Sikkim,100,0,1.4,1.4,0.0,30,0.0
29,Arunachal Pradesh,121,3,2.1,2.3,-0.2,26,0.0
30,Assam,1444,64,24.6,20.4,0.8,123,0.8
31,Manipur,178,2,2.5,2.3,0.3,25,0.0
32,Meghalaya,334,12,5.7,4.9,0.1,38,0.4
33,Mizoram,96,2,1.9,1.2,0.5,19,0.0
34,Nagaland,128,4,2.2,1.8,0.2,2,0.0
35,Tripura,248,1,3.9,2.9,-0.1,46,0.0
