,States,"Max. Demand 
Met during the 
day (MW)","Shortage during 
maximum 
Demand (MW)",Energy Met (MU),"Drawal 
Schedule (MU)","OD(+)/UD(-) 
(MU)","Max OD 
(MW)","Energy 
Shortage (MU)"
0,Punjab,8115,0,183.6,83.4,-1.2,61,0.0
1,Haryana,8803,20,185.9,118.6,0.4,159,0.6
2,Rajasthan,11668,0,250.0,67.0,-1.1,206,0.0
3,Delhi,6207,0,128.1,106.5,0.7,290,0.1
4,UP,21493,0,469.0,210.6,0.7,839,0.0
5,Uttarakhand,2101,0,46.7,22.9,0.2,327,0.0
6,HP,1391,0,30.3,7.1,0.8,214,0.0
7,J&K,2247,562,47.0,25.7,0.5,439,11.0
8,Chandigarh,308,0,6.0,6.7,-0.7,95,0.0
9,Chhattisgarh,3927,0,88.6,38.6,-1.3,285,0.0
10,Gujarat,18062,0,394.1,90.4,5.8,513,0.0
11,MP,9782,0,226.4,104.8,0.0,335,0.0
12,Maharashtra,22774,0,509.6,130.5,-5.5,473,0.0
13,Goa,541,0,12.3,11.5,0.3,29,0.0
14,DD,344,0,7.5,7.2,0.3,39,0.0
15,DNH,759,0,17.8,17.6,0.1,74,0.0
16,Essar steel,334,0,6.4,6.4,0.1,180,0.0
17,Andhra Pradesh,9026,0,183.2,56.0,0.8,628,0.0
18,Telangana,8344,0,177.5,57.6,0.4,682,0.0
19,Karnataka,10632,0,213.1,55.9,1.0,673,0.0
20,Kerala,4216,0,85.1,61.0,1.8,331,0.0
21,Tamil Nadu,15718,0,349.5,168.9,1.2,586,0.0
22,Pondy,437,0,9.3,9.3,0.0,45,0.0
23,Bihar,4734,0,92.4,89.8,-2.7,500,0.0
24,DVC,3138,0,72.0,-42.7,4.2,400,0.0
25,Jharkhand,1156,0,26.3,22.8,-1.9,150,0.0
26,Odisha,4629,0,91.6,34.8,0.7,415,0.0
27,West Bengal,8932,0,189.0,68.1,1.4,320,0.0
28,Sikkim,80,0,1.0,1.2,-0.2,40,0.0
29,Arunachal Pradesh,116,1,2.1,1.9,0.2,47,0.0
30,Assam,1618,112,27.0,22.4,0.9,130,1.5
31,Manipur,179,1,2.5,2.0,0.5,37,0.0
32,Meghalaya,313,0,4.9,3.0,0.0,65,0.3
33,Mizoram,94,2,1.7,1.4,0.3,19,0.0
34,Nagaland,124,2,2.2,2.1,-0.1,23,0.0
35,Tripura,291,4,5.3,4.9,0.6,74,0.0
